$3-21G

$
$  REFERENCE
A 1
$ HYDROGEN     (3s) -> [2s]                                      
$ S-TYPE FUNCTIONS
    3    2    0
      5.4471780  0.15628500  0.00000000
      0.8245470  0.90469100  0.00000000
      0.1831920  0.00000000  1.00000000
A 2
$ HELIUM       (3s) -> [2s]                                      
$ S-TYPE FUNCTIONS
    3    2    0
     13.6267000  0.17523000  0.00000000
      1.9993500  0.89348300  0.00000000
      0.3829930  0.00000000  1.00000000
A 3
$ LITHIUM      (6s,3p) -> [3s,2p]                                
$ S-TYPE FUNCTIONS
    6    3    0
     36.8382000  0.06966860  0.00000000  0.00000000
      5.4817200  0.38134600  0.00000000  0.00000000
      1.1132700  0.68170200  0.00000000  0.00000000
      0.5402050  0.00000000 -0.26312700  0.00000000
      0.1022550  0.00000000  1.14339000  0.00000000
      0.0285650  0.00000000  0.00000000  1.00000000
$ P-TYPE FUNCTIONS
    3    2    0
      0.5402050  0.16154600  0.00000000
      0.1022550  0.91566300  0.00000000
      0.0285650  0.00000000  1.00000000
A 4
$ BERYLLIUM    (6s,3p) -> [3s,2p]                                
$ S-TYPE FUNCTIONS
    6    3    0
     71.8876000  0.06442630  0.00000000  0.00000000
     10.7289000  0.36609600  0.00000000  0.00000000
      2.2220500  0.69593400  0.00000000  0.00000000
      1.2954800  0.00000000 -0.42106400  0.00000000
      0.2688810  0.00000000  1.22407000  0.00000000
      0.0773500  0.00000000  0.00000000  1.00000000
$ P-TYPE FUNCTIONS
    3    2    0
      1.2954800  0.20513200  0.00000000
      0.2688810  0.88252800  0.00000000
      0.0773500  0.00000000  1.00000000
A 5
$ BORON        (6s,3p) -> [3s,2p]                                
$ S-TYPE FUNCTIONS
    6    3    0
    116.4340000  0.06296050  0.00000000  0.00000000
     17.4314000  0.36330400  0.00000000  0.00000000
      3.6801600  0.69725500  0.00000000  0.00000000
      2.2818700  0.00000000 -0.36866200  0.00000000
      0.4652480  0.00000000  1.19944000  0.00000000
      0.1243280  0.00000000  0.00000000  1.00000000
$ P-TYPE FUNCTIONS
    3    2    0
      2.2818700  0.23115200  0.00000000
      0.4652480  0.86676400  0.00000000
      0.1243280  0.00000000  1.00000000
A 6
$ CARBON       (6s,3p) -> [3s,2p]                                
$ S-TYPE FUNCTIONS
    6    3    0
    172.2560000  0.06176690  0.00000000  0.00000000
     25.9109000  0.35879400  0.00000000  0.00000000
      5.5333500  0.70071300  0.00000000  0.00000000
      3.6649800  0.00000000 -0.39589700  0.00000000
      0.7705450  0.00000000  1.21584000  0.00000000
      0.1958570  0.00000000  0.00000000  1.00000000
$ P-TYPE FUNCTIONS
    3    2    0
      3.6649800  0.23646000  0.00000000
      0.7705450  0.86061900  0.00000000
      0.1958570  0.00000000  1.00000000
A 7
$ NITROGEN     (6s,3p) -> [3s,2p]                                
$ S-TYPE FUNCTIONS
    6    3    0
    242.7660000  0.05986570  0.00000000  0.00000000
     36.4851000  0.35295500  0.00000000  0.00000000
      7.8144900  0.70651300  0.00000000  0.00000000
      5.4252200  0.00000000 -0.41330100  0.00000000
      1.1491500  0.00000000  1.22442000  0.00000000
      0.2832050  0.00000000  0.00000000  1.00000000
$ P-TYPE FUNCTIONS
    3    2    0
      5.4252200  0.23797200  0.00000000
      1.1491500  0.85895300  0.00000000
      0.2832050  0.00000000  1.00000000
A 8
$ OXYGEN       (6s,3p) -> [3s,2p]                                
$ S-TYPE FUNCTIONS
    6    3    0
    322.0370000  0.05923940  0.00000000  0.00000000
     48.4308000  0.35150000  0.00000000  0.00000000
     10.4206000  0.70765800  0.00000000  0.00000000
      7.4029400  0.00000000 -0.40445300  0.00000000
      1.5762000  0.00000000  1.22156000  0.00000000
      0.3736840  0.00000000  0.00000000  1.00000000
$ P-TYPE FUNCTIONS
    3    2    0
      7.4029400  0.24458600  0.00000000
      1.5762000  0.85395500  0.00000000
      0.3736840  0.00000000  1.00000000
A 9
$ FLUORINE     (6s,3p) -> [3s,2p]                                
$ S-TYPE FUNCTIONS
    6    3    0
    413.8010000  0.05854830  0.00000000  0.00000000
     62.2446000  0.34930800  0.00000000  0.00000000
     13.4340000  0.70963200  0.00000000  0.00000000
      9.7775900  0.00000000 -0.40732700  0.00000000
      2.0861700  0.00000000  1.22314000  0.00000000
      0.4823830  0.00000000  0.00000000  1.00000000
$ P-TYPE FUNCTIONS
    3    2    0
      9.7775900  0.24668000  0.00000000
      2.0861700  0.85232100  0.00000000
      0.4823830  0.00000000  1.00000000
A 10
$ NEON         (6s,3p) -> [3s,2p]                                
$ S-TYPE FUNCTIONS
    6    3    0
    515.7240000  0.05814300  0.00000000  0.00000000
     77.6538000  0.34795100  0.00000000  0.00000000
     16.8136000  0.71071400  0.00000000  0.00000000
     12.4830000  0.00000000 -0.40992200  0.00000000
      2.6645100  0.00000000  1.22431000  0.00000000
      0.6062500  0.00000000  0.00000000  1.00000000
$ P-TYPE FUNCTIONS
    3    2    0
     12.4830000  0.24746000  0.00000000
      2.6645100  0.85174300  0.00000000
      0.6062500  0.00000000  1.00000000
A 11
$ SODIUM       (9s,6p) -> [4s,3p]                                
$ S-TYPE FUNCTIONS
    9    4    0
    547.6130000  0.06749110  0.00000000  0.00000000  0.00000000
     82.0678000  0.39350500  0.00000000  0.00000000  0.00000000
     17.6917000  0.66560500  0.00000000  0.00000000  0.00000000
     17.5407000  0.00000000 -0.11193700  0.00000000  0.00000000
      3.7939800  0.00000000  0.25465400  0.00000000  0.00000000
      0.9064410  0.00000000  0.84441700  0.00000000  0.00000000
      0.5018240  0.00000000  0.00000000 -0.21966000  0.00000000
      0.0609458  0.00000000  0.00000000  1.08912000  0.00000000
      0.0244349  0.00000000  0.00000000  0.00000000  1.00000000
$ P-TYPE FUNCTIONS
    6    3    0
     17.5407000  0.12823300  0.00000000  0.00000000
      3.7939800  0.47153300  0.00000000  0.00000000
      0.9064410  0.60427300  0.00000000  0.00000000
      0.5018240  0.00000000  0.00906650  0.00000000
      0.0609458  0.00000000  0.99720200  0.00000000
      0.0244349  0.00000000  0.00000000  1.00000000
A 12
$ MAGNESIUM    (9s,6p) -> [4s,3p]                                
$ S-TYPE FUNCTIONS
    9    4    0
    652.8410000  0.06759820  0.00000000  0.00000000  0.00000000
     98.3805000  0.39177800  0.00000000  0.00000000  0.00000000
     21.2996000  0.66666100  0.00000000  0.00000000  0.00000000
     23.3727000  0.00000000 -0.11024600  0.00000000  0.00000000
      5.1995300  0.00000000  0.18411900  0.00000000  0.00000000
      1.3150800  0.00000000  0.89639900  0.00000000  0.00000000
      0.6113490  0.00000000  0.00000000 -0.36110100  0.00000000
      0.1418410  0.00000000  0.00000000  1.21505000  0.00000000
      0.0464011  0.00000000  0.00000000  0.00000000  1.00000000
$ P-TYPE FUNCTIONS
    6    3    0
     23.3727000  0.12101400  0.00000000  0.00000000
      5.1995300  0.46281000  0.00000000  0.00000000
      1.3150800  0.60690700  0.00000000  0.00000000
      0.6113490  0.00000000  0.02426330  0.00000000
      0.1418410  0.00000000  0.98667300  0.00000000
      0.0464011  0.00000000  0.00000000  1.00000000
A 13
$ ALUMINUM     (9s,6p) -> [4s,3p]                                
$ S-TYPE FUNCTIONS
    9    4    0
    775.7370000  0.06683470  0.00000000  0.00000000  0.00000000
    116.9520000  0.38906100  0.00000000  0.00000000  0.00000000
     25.3326000  0.66946800  0.00000000  0.00000000  0.00000000
     29.4796000  0.00000000 -0.10790200  0.00000000  0.00000000
      6.6331400  0.00000000  0.14624500  0.00000000  0.00000000
      1.7267500  0.00000000  0.92373000  0.00000000  0.00000000
      0.9461600  0.00000000  0.00000000 -0.32032700  0.00000000
      0.2025060  0.00000000  0.00000000  1.18412000  0.00000000
      0.0639088  0.00000000  0.00000000  0.00000000  1.00000000
$ P-TYPE FUNCTIONS
    6    3    0
     29.4796000  0.11757400  0.00000000  0.00000000
      6.6331400  0.46117400  0.00000000  0.00000000
      1.7267500  0.60553500  0.00000000  0.00000000
      0.9461600  0.00000000  0.05193830  0.00000000
      0.2025060  0.00000000  0.97266000  0.00000000
      0.0639088  0.00000000  0.00000000  1.00000000
A 14
$ SILICON      (9s,6p) -> [4s,3p]                                
$ S-TYPE FUNCTIONS
    9    4    0
    910.6550000  0.06608230  0.00000000  0.00000000  0.00000000
    137.3360000  0.38622900  0.00000000  0.00000000  0.00000000
     29.7601000  0.67238000  0.00000000  0.00000000  0.00000000
     36.6716000  0.00000000 -0.10451100  0.00000000  0.00000000
      8.3172900  0.00000000  0.10741000  0.00000000  0.00000000
      2.2164500  0.00000000  0.95144600  0.00000000  0.00000000
      1.0791300  0.00000000  0.00000000 -0.37610800  0.00000000
      0.3024220  0.00000000  0.00000000  1.25165000  0.00000000
      0.0933392  0.00000000  0.00000000  0.00000000  1.00000000
$ P-TYPE FUNCTIONS
    6    3    0
     36.6716000  0.11335500  0.00000000  0.00000000
      8.3172900  0.45757800  0.00000000  0.00000000
      2.2164500  0.60742700  0.00000000  0.00000000
      1.0791300  0.00000000  0.06710300  0.00000000
      0.3024220  0.00000000  0.95688300  0.00000000
      0.0933392  0.00000000  0.00000000  1.00000000
A 15
$ PHOSPHORUS   (9s,6p) -> [4s,3p]                                
$ S-TYPE FUNCTIONS
    9    4    0
   1054.9000000  0.06554100  0.00000000  0.00000000  0.00000000
    159.1950000  0.38403600  0.00000000  0.00000000  0.00000000
     34.5304000  0.67454100  0.00000000  0.00000000  0.00000000
     44.2866000  0.00000000 -0.10213000  0.00000000  0.00000000
     10.1019000  0.00000000  0.08159200  0.00000000  0.00000000
      2.7399700  0.00000000  0.96978800  0.00000000  0.00000000
      1.2186500  0.00000000  0.00000000 -0.37149500  0.00000000
      0.3955460  0.00000000  0.00000000  1.27099000  0.00000000
      0.1228110  0.00000000  0.00000000  0.00000000  1.00000000
$ P-TYPE FUNCTIONS
    6    3    0
     44.2866000  0.11085100  0.00000000  0.00000000
     10.1019000  0.45649500  0.00000000  0.00000000
      2.7399700  0.60693600  0.00000000  0.00000000
      1.2186500  0.00000000  0.09158200  0.00000000
      0.3955460  0.00000000  0.93492400  0.00000000
      0.1228110  0.00000000  0.00000000  1.00000000
A 16
$ SULFUR       (9s,6p) -> [4s,3p]                                
$ S-TYPE FUNCTIONS
    9    4    0
   1210.6200000  0.06500700  0.00000000  0.00000000  0.00000000
    182.7470000  0.38204000  0.00000000  0.00000000  0.00000000
     39.6673000  0.67654500  0.00000000  0.00000000  0.00000000
     52.2236000  0.00000000 -0.10031000  0.00000000  0.00000000
     11.9629000  0.00000000  0.06508800  0.00000000  0.00000000
      3.2891100  0.00000000  0.98145500  0.00000000  0.00000000
      1.2238400  0.00000000  0.00000000 -0.28608900  0.00000000
      0.4573030  0.00000000  0.00000000  1.22806000  0.00000000
      0.1422690  0.00000000  0.00000000  0.00000000  1.00000000
$ P-TYPE FUNCTIONS
    6    3    0
     52.2236000  0.10964600  0.00000000  0.00000000
     11.9629000  0.45764900  0.00000000  0.00000000
      3.2891100  0.60426100  0.00000000  0.00000000
      1.2238400  0.00000000  0.16477700  0.00000000
      0.4573030  0.00000000  0.87085500  0.00000000
      0.1422690  0.00000000  0.00000000  1.00000000
A 17
$ CHLORINE     (9s,6p) -> [4s,3p]                                
$ S-TYPE FUNCTIONS
    9    4    0
   1376.4000000  0.06458270  0.00000000  0.00000000  0.00000000
    207.8570000  0.38036300  0.00000000  0.00000000  0.00000000
     45.1554000  0.67819000  0.00000000  0.00000000  0.00000000
     60.8014000  0.00000000 -0.09876390  0.00000000  0.00000000
     13.9765000  0.00000000  0.05113380  0.00000000  0.00000000
      3.8871000  0.00000000  0.99133700  0.00000000  0.00000000
      1.3529900  0.00000000  0.00000000 -0.22240100  0.00000000
      0.5269550  0.00000000  0.00000000  1.18252000  0.00000000
      0.1667140  0.00000000  0.00000000  0.00000000  1.00000000
$ P-TYPE FUNCTIONS
    6    3    0
     60.8014000  0.10859800  0.00000000  0.00000000
     13.9765000  0.45868200  0.00000000  0.00000000
      3.8871000  0.60196200  0.00000000  0.00000000
      1.3529900  0.00000000  0.21921600  0.00000000
      0.5269550  0.00000000  0.82232100  0.00000000
      0.1667140  0.00000000  0.00000000  1.00000000
A 18
$ ARGON        (9s,6p) -> [4s,3p]                                
$ S-TYPE FUNCTIONS
    9    4    0
   1553.7100000  0.06417070  0.00000000  0.00000000  0.00000000
    234.6780000  0.37879700  0.00000000  0.00000000  0.00000000
     51.0121000  0.67975200  0.00000000  0.00000000  0.00000000
     70.0453000  0.00000000 -0.09746610  0.00000000  0.00000000
     16.1473000  0.00000000  0.03905690  0.00000000  0.00000000
      4.5349200  0.00000000  0.99991600  0.00000000  0.00000000
      1.5420900  0.00000000  0.00000000 -0.17686600  0.00000000
      0.6072670  0.00000000  0.00000000  1.14690000  0.00000000
      0.1953730  0.00000000  0.00000000  0.00000000  1.00000000
$ P-TYPE FUNCTIONS
    6    3    0
     70.0453000  0.10761900  0.00000000  0.00000000
     16.1473000  0.45957600  0.00000000  0.00000000
      4.5349200  0.60004100  0.00000000  0.00000000
      1.5420900  0.00000000  0.25568700  0.00000000
      0.6072670  0.00000000  0.78984200  0.00000000
      0.1953730  0.00000000  0.00000000  1.00000000
A 19
$ POTASSIUM    (12s,9p) -> [5s,4p]                               
$ S-TYPE FUNCTIONS
   12    5    0
   1721.1755000  0.06487470  0.00000000  0.00000000  0.00000000  0.00000000
    260.0163300  0.38085930  0.00000000  0.00000000  0.00000000  0.00000000
     56.6245540  0.67736810  0.00000000  0.00000000  0.00000000  0.00000000
     71.5572000  0.00000000 -0.10934290  0.00000000  0.00000000  0.00000000
     15.4389400  0.00000000  0.11306400  0.00000000  0.00000000  0.00000000
      4.4745510  0.00000000  0.94625750  0.00000000  0.00000000  0.00000000
      4.1212750  0.00000000  0.00000000 -0.26997300  0.00000000  0.00000000
      1.1886210  0.00000000  0.00000000  0.36463230  0.00000000  0.00000000
      0.3756740  0.00000000  0.00000000  0.81075330  0.00000000  0.00000000
      0.2445770  0.00000000  0.00000000  0.00000000 -0.26882500  0.00000000
      0.0389720  0.00000000  0.00000000  0.00000000  1.12898300  0.00000000
      0.0160630  0.00000000  0.00000000  0.00000000  0.00000000  1.00000000
$ P-TYPE FUNCTIONS
    9    4    0
     71.5572000  0.13396540  0.00000000  0.00000000  0.00000000
     15.4389400  0.53026730  0.00000000  0.00000000  0.00000000
      4.4745510  0.51179920  0.00000000  0.00000000  0.00000000
      4.1212750  0.00000000  0.01994922  0.00000000  0.00000000
      1.1886210  0.00000000  0.43402130  0.00000000  0.00000000
      0.3756740  0.00000000  0.64532260  0.00000000  0.00000000
      0.2445770  0.00000000  0.00000000  0.00030810  0.00000000
      0.0389720  0.00000000  0.00000000  0.99987870  0.00000000
      0.0160630  0.00000000  0.00000000  0.00000000  1.00000000
A 20
$ CALCIUM      (12s,9p) -> [5s,4p]                               
$ S-TYPE FUNCTIONS
   12    5    0
   1915.4348000  0.06462400  0.00000000  0.00000000  0.00000000  0.00000000
    289.5332400  0.37983800  0.00000000  0.00000000  0.00000000  0.00000000
     63.1063520  0.67832900  0.00000000  0.00000000  0.00000000  0.00000000
     80.3974400  0.00000000 -0.10930300  0.00000000  0.00000000  0.00000000
     17.3307500  0.00000000  0.10890000  0.00000000  0.00000000  0.00000000
      5.0836240  0.00000000  0.94927700  0.00000000  0.00000000  0.00000000
      4.7822290  0.00000000  0.00000000 -0.28160700  0.00000000  0.00000000
      1.4625580  0.00000000  0.00000000  0.34105100  0.00000000  0.00000000
      0.4792230  0.00000000  0.00000000  0.83810400  0.00000000  0.00000000
      0.4396820  0.00000000  0.00000000  0.00000000 -0.26970500  0.00000000
      0.0591300  0.00000000  0.00000000  0.00000000  1.11329300  0.00000000
      0.0238970  0.00000000  0.00000000  0.00000000  0.00000000  1.00000000
$ P-TYPE FUNCTIONS
    9    4    0
     80.3974400  0.13543300  0.00000000  0.00000000  0.00000000
     17.3307500  0.53722200  0.00000000  0.00000000  0.00000000
      5.0836240  0.50180400  0.00000000  0.00000000  0.00000000
      4.7822290  0.00000000  0.01900900  0.00000000  0.00000000
      1.4625580  0.00000000  0.43603800  0.00000000  0.00000000
      0.4792230  0.00000000  0.63867100  0.00000000  0.00000000
      0.4396820  0.00000000  0.00000000  0.00030800  0.00000000
      0.0591300  0.00000000  0.00000000  0.99989600  0.00000000
      0.0238970  0.00000000  0.00000000  0.00000000  1.00000000
A 21
$ SCANDIUM     (12s,9p,3d) -> [5s,4p,2d]                         
$ S-TYPE FUNCTIONS
   12    5    0
   2119.8870000  0.06442100  0.00000000  0.00000000  0.00000000  0.00000000
    320.4299000  0.37916000  0.00000000  0.00000000  0.00000000  0.00000000
     69.8989300  0.67896300  0.00000000  0.00000000  0.00000000  0.00000000
     89.7645000  0.00000000 -0.10938400  0.00000000  0.00000000  0.00000000
     19.3851000  0.00000000  0.10507000  0.00000000  0.00000000  0.00000000
      5.7314230  0.00000000  0.95220500  0.00000000  0.00000000  0.00000000
      5.4919380  0.00000000  0.00000000 -0.28521100  0.00000000  0.00000000
      1.7437420  0.00000000  0.00000000  0.32415500  0.00000000  0.00000000
      0.5662270  0.00000000  0.00000000  0.85659200  0.00000000  0.00000000
      0.5168020  0.00000000  0.00000000  0.00000000 -0.26267800  0.00000000
      0.0672140  0.00000000  0.00000000  0.00000000  1.10807900  0.00000000
      0.0259850  0.00000000  0.00000000  0.00000000  0.00000000  1.00000000
$ P-TYPE FUNCTIONS
    9    4    0
     89.7645000  0.13632800  0.00000000  0.00000000  0.00000000
     19.3851000  0.54186000  0.00000000  0.00000000  0.00000000
      5.7314230  0.49505500  0.00000000  0.00000000  0.00000000
      5.4919380  0.00000000  0.01761400  0.00000000  0.00000000
      1.7437420  0.00000000  0.43364500  0.00000000  0.00000000
      0.5662270  0.00000000  0.64255100  0.00000000  0.00000000
      0.5168020  0.00000000  0.00000000  0.00032700  0.00000000
      0.0672140  0.00000000  0.00000000  0.99989300  0.00000000
      0.0259850  0.00000000  0.00000000  0.00000000  1.00000000
$ D-TYPE FUNCTIONS
    3    2    0
      5.7222150  0.26523600  0.00000000
      1.3608490  0.85586100  0.00000000
      0.3226520  0.00000000  1.00000000
A 22
$ TITANIUM     (12s,9p,3d) -> [5s,4p,2d]                         
$ S-TYPE FUNCTIONS
   12    5    0
   2335.0200000  0.06421660  0.00000000  0.00000000  0.00000000  0.00000000
    353.0441000  0.37841200  0.00000000  0.00000000  0.00000000  0.00000000
     77.0584500  0.67968100  0.00000000  0.00000000  0.00000000  0.00000000
     99.5738700  0.00000000 -0.10947200  0.00000000  0.00000000  0.00000000
     21.5467100  0.00000000  0.10194300  0.00000000  0.00000000  0.00000000
      6.4139650  0.00000000  0.95462200  0.00000000  0.00000000  0.00000000
      6.2382790  0.00000000  0.00000000 -0.28613700  0.00000000  0.00000000
      1.9961080  0.00000000  0.00000000  0.32182800  0.00000000  0.00000000
      0.6464900  0.00000000  0.00000000  0.85955100  0.00000000  0.00000000
      0.5732850  0.00000000  0.00000000  0.00000000 -0.24245000  0.00000000
      0.0731194  0.00000000  0.00000000  0.00000000  1.10007500  0.00000000
      0.0265379  0.00000000  0.00000000  0.00000000  0.00000000  1.00000000
$ P-TYPE FUNCTIONS
    9    4    0
     99.5738700  0.13729700  0.00000000  0.00000000  0.00000000
     21.5467100  0.54587500  0.00000000  0.00000000  0.00000000
      6.4139650  0.48906800  0.00000000  0.00000000  0.00000000
      6.2382790  0.00000000  0.01923670  0.00000000  0.00000000
      1.9961080  0.00000000  0.44044200  0.00000000  0.00000000
      0.6464900  0.00000000  0.63562000  0.00000000  0.00000000
      0.5732850  0.00000000  0.00000000  0.00029202  0.00000000
      0.0731194  0.00000000  0.00000000  0.99990700  0.00000000
      0.0265379  0.00000000  0.00000000  0.00000000  1.00000000
$ D-TYPE FUNCTIONS
    3    2    0
      7.0836660  0.26292100  0.00000000
      1.7096340  0.85577200  0.00000000
      0.4141230  0.00000000  1.00000000
A 23
$ VANADIUM     (12s,9p,3d) -> [5s,4p,2d]                         
$ S-TYPE FUNCTIONS
   12    5    0
   2563.8770000  0.06394800  0.00000000  0.00000000  0.00000000  0.00000000
    387.5340000  0.37759400  0.00000000  0.00000000  0.00000000  0.00000000
     84.5982300  0.68054200  0.00000000  0.00000000  0.00000000  0.00000000
    109.7938000  0.00000000 -0.10983600  0.00000000  0.00000000  0.00000000
     23.7692100  0.00000000  0.10070700  0.00000000  0.00000000  0.00000000
      7.1229610  0.00000000  0.95563300  0.00000000  0.00000000  0.00000000
      6.9812040  0.00000000  0.00000000 -0.28845900  0.00000000  0.00000000
      2.2198390  0.00000000  0.00000000  0.33643600  0.00000000  0.00000000
      0.7198030  0.00000000  0.00000000  0.84819000  0.00000000  0.00000000
      0.6312620  0.00000000  0.00000000  0.00000000 -0.23649000  0.00000000
      0.0800620  0.00000000  0.00000000  0.00000000  1.09772100  0.00000000
      0.0288650  0.00000000  0.00000000  0.00000000  0.00000000  1.00000000
$ P-TYPE FUNCTIONS
    9    4    0
    109.7938000  0.13842100  0.00000000  0.00000000  0.00000000
     23.7692100  0.55048900  0.00000000  0.00000000  0.00000000
      7.1229610  0.48241700  0.00000000  0.00000000  0.00000000
      6.9812040  0.00000000  0.02182100  0.00000000  0.00000000
      2.2198390  0.00000000  0.45676200  0.00000000  0.00000000
      0.7198030  0.00000000  0.61867500  0.00000000  0.00000000
      0.6312620  0.00000000  0.00000000  0.00019000  0.00000000
      0.0800620  0.00000000  0.00000000  0.99994000  0.00000000
      0.0288650  0.00000000  0.00000000  0.00000000  1.00000000
$ D-TYPE FUNCTIONS
    3    2    0
      8.3429170  0.26406200  0.00000000
      2.0329440  0.85396600  0.00000000
      0.4957120  0.00000000  1.00000000
A 24
$ CHROMIUM     (12s,9p,3d) -> [5s,4p,2d]                         
$ S-TYPE FUNCTIONS
   12    5    0
   2798.2940000  0.06382380  0.00000000  0.00000000  0.00000000  0.00000000
    423.1370000  0.37708400  0.00000000  0.00000000  0.00000000  0.00000000
     92.4388600  0.68098900  0.00000000  0.00000000  0.00000000  0.00000000
    120.2806000  0.00000000 -0.11777900  0.00000000  0.00000000  0.00000000
     26.0372700  0.00000000  0.10143100  0.00000000  0.00000000  0.00000000
      7.8441720  0.00000000  0.95719800  0.00000000  0.00000000  0.00000000
      7.7932760  0.00000000  0.00000000 -0.28885700  0.00000000  0.00000000
      2.4971960  0.00000000  0.00000000  0.33511500  0.00000000  0.00000000
      0.8051420  0.00000000  0.00000000  0.85024800  0.00000000  0.00000000
      0.7039210  0.00000000  0.00000000  0.00000000 -0.23225100  0.00000000
      0.0861620  0.00000000  0.00000000  0.00000000  1.09367100  0.00000000
      0.0321988  0.00000000  0.00000000  0.00000000  0.00000000  1.00000000
$ P-TYPE FUNCTIONS
    9    4    0
    120.2806000  0.13987800  0.00000000  0.00000000  0.00000000
     26.0372700  0.55598300  0.00000000  0.00000000  0.00000000
      7.8441720  0.47481800  0.00000000  0.00000000  0.00000000
      7.7932760  0.00000000  0.02218470  0.00000000  0.00000000
      2.4971960  0.00000000  0.46162500  0.00000000  0.00000000
      0.8051420  0.00000000  0.61453900  0.00000000  0.00000000
      0.7039210  0.00000000  0.00000000  0.00017996  0.00000000
      0.0861620  0.00000000  0.00000000  0.99994500  0.00000000
      0.0321988  0.00000000  0.00000000  0.00000000  1.00000000
$ D-TYPE FUNCTIONS
    3    2    0
      9.6253390  0.26559600  0.00000000
      2.3622640  0.85215600  0.00000000
      0.5770940  0.00000000  1.00000000
A 25
$ MANGANESE    (12s,9p,3d) -> [5s,4p,2d]                         
$ S-TYPE FUNCTIONS
   12    5    0
   3041.6860000  0.06374500  0.00000000  0.00000000  0.00000000  0.00000000
    460.0901000  0.37674900  0.00000000  0.00000000  0.00000000  0.00000000
    100.5958000  0.68124700  0.00000000  0.00000000  0.00000000  0.00000000
    131.7673000  0.00000000 -0.11029600  0.00000000  0.00000000  0.00000000
     28.5691500  0.00000000  0.09819000  0.00000000  0.00000000  0.00000000
      8.6605010  0.00000000  0.95765900  0.00000000  0.00000000  0.00000000
      8.5690810  0.00000000  0.00000000 -0.29171400  0.00000000  0.00000000
      2.7681780  0.00000000  0.00000000  0.34396300  0.00000000  0.00000000
      0.8872880  0.00000000  0.00000000  0.84519800  0.00000000  0.00000000
      0.7674430  0.00000000  0.00000000  0.00000000 -0.23000400  0.00000000
      0.0920250  0.00000000  0.00000000  0.00000000  1.09145000  0.00000000
      0.0332650  0.00000000  0.00000000  0.00000000  0.00000000  1.00000000
$ P-TYPE FUNCTIONS
    9    4    0
    131.7673000  0.14045400  0.00000000  0.00000000  0.00000000
     28.5691500  0.55780200  0.00000000  0.00000000  0.00000000
      8.6605010  0.47150100  0.00000000  0.00000000  0.00000000
      8.5690810  0.00000000  0.02422400  0.00000000  0.00000000
      2.7681780  0.00000000  0.46866000  0.00000000  0.00000000
      0.8872880  0.00000000  0.60742100  0.00000000  0.00000000
      0.7674430  0.00000000  0.00000000  0.00030800  0.00000000
      0.0920250  0.00000000  0.00000000  0.99990700  0.00000000
      0.0332650  0.00000000  0.00000000  0.00000000  1.00000000
$ D-TYPE FUNCTIONS
    3    2    0
     11.0688400  0.26527200  0.00000000
      2.7307070  0.85179500  0.00000000
      0.6685090  0.00000000  1.00000000
A 26
$ IRON         (12s,9p,3d) -> [5s,4p,2d]                         
$ S-TYPE FUNCTIONS
   12    5    0
   3299.1840000  0.06358600  0.00000000  0.00000000  0.00000000  0.00000000
    499.0886000  0.37620200  0.00000000  0.00000000  0.00000000  0.00000000
    109.1614000  0.68178500  0.00000000  0.00000000  0.00000000  0.00000000
    143.4652000  0.00000000 -0.11055200  0.00000000  0.00000000  0.00000000
     31.1685800  0.00000000  0.09684700  0.00000000  0.00000000  0.00000000
      9.4836120  0.00000000  0.95879700  0.00000000  0.00000000  0.00000000
      9.4645650  0.00000000  0.00000000 -0.29205600  0.00000000  0.00000000
      3.1003730  0.00000000  0.00000000  0.33752400  0.00000000  0.00000000
      0.9864930  0.00000000  0.00000000  0.85194200  0.00000000  0.00000000
      0.8534120  0.00000000  0.00000000  0.00000000 -0.22794400  0.00000000
      0.0988120  0.00000000  0.00000000  0.00000000  1.08828700  0.00000000
      0.0364420  0.00000000  0.00000000  0.00000000  0.00000000  1.00000000
$ P-TYPE FUNCTIONS
    9    4    0
    143.4652000  0.14110100  0.00000000  0.00000000  0.00000000
     31.1685800  0.56038700  0.00000000  0.00000000  0.00000000
      9.4836120  0.46764400  0.00000000  0.00000000  0.00000000
      9.4645650  0.00000000  0.02376200  0.00000000  0.00000000
      3.1003730  0.00000000  0.46891100  0.00000000  0.00000000
      0.9864930  0.00000000  0.60831100  0.00000000  0.00000000
      0.8534120  0.00000000  0.00000000 -0.00042600  0.00000000
      0.0988120  0.00000000  0.00000000  1.00012400  0.00000000
      0.0364420  0.00000000  0.00000000  0.00000000  1.00000000
$ D-TYPE FUNCTIONS
    3    2    0
     12.3544900  0.26861100  0.00000000
      3.0556050  0.84927200  0.00000000
      0.7385910  0.00000000  1.00000000
A 27
$ COBALT       (12s,9p,3d) -> [5s,4p,2d]                         
$ S-TYPE FUNCTIONS
   12    5    0
   3564.7620000  0.06348700  0.00000000  0.00000000  0.00000000  0.00000000
    539.3908000  0.37581800  0.00000000  0.00000000  0.00000000  0.00000000
    118.0449000  0.68212200  0.00000000  0.00000000  0.00000000  0.00000000
    155.4382000  0.00000000 -0.11098700  0.00000000  0.00000000  0.00000000
     33.8156100  0.00000000  0.09676700  0.00000000  0.00000000  0.00000000
     10.3332300  0.00000000  0.95899200  0.00000000  0.00000000  0.00000000
     10.3815200  0.00000000  0.00000000 -0.29226200  0.00000000  0.00000000
      3.3827140  0.00000000  0.00000000  0.34325100  0.00000000  0.00000000
      1.0769540  0.00000000  0.00000000  0.84696300  0.00000000  0.00000000
      0.9090150  0.00000000  0.00000000  0.00000000 -0.21746000  0.00000000
      0.1050410  0.00000000  0.00000000  0.00000000  1.08499800  0.00000000
      0.0372570  0.00000000  0.00000000  0.00000000  0.00000000  1.00000000
$ P-TYPE FUNCTIONS
    9    4    0
    155.4382000  0.14206400  0.00000000  0.00000000  0.00000000
     33.8156100  0.56344400  0.00000000  0.00000000  0.00000000
     10.3332300  0.46302400  0.00000000  0.00000000  0.00000000
     10.3815200  0.00000000  0.02631300  0.00000000  0.00000000
      3.3827140  0.00000000  0.47691700  0.00000000  0.00000000
      1.0769540  0.00000000  0.59915400  0.00000000  0.00000000
      0.9090150  0.00000000  0.00000000  0.00022800  0.00000000
      0.1050410  0.00000000  0.00000000  0.99993400  0.00000000
      0.0372570  0.00000000  0.00000000  0.00000000  1.00000000
$ D-TYPE FUNCTIONS
    3    2    0
     13.7407000  0.27095500  0.00000000
      3.4089830  0.84734200  0.00000000
      0.8186410  0.00000000  1.00000000
A 28
$ NICKEL       (12s,9p,3d) -> [5s,4p,2d]                         
$ S-TYPE FUNCTIONS
   12    5    0
   3848.0050000  0.06326600  0.00000000  0.00000000  0.00000000  0.00000000
    582.0307000  0.37517100  0.00000000  0.00000000  0.00000000  0.00000000
    127.3674000  0.68282400  0.00000000  0.00000000  0.00000000  0.00000000
    168.2896000  0.00000000 -0.11111500  0.00000000  0.00000000  0.00000000
     36.6563300  0.00000000  0.09532400  0.00000000  0.00000000  0.00000000
     11.2321200  0.00000000  0.96016100  0.00000000  0.00000000  0.00000000
     11.3587700  0.00000000  0.00000000 -0.29206000  0.00000000  0.00000000
      3.7388460  0.00000000  0.00000000  0.33754100  0.00000000  0.00000000
      1.1824630  0.00000000  0.00000000  0.85253300  0.00000000  0.00000000
      0.9889040  0.00000000  0.00000000  0.00000000 -0.21368700  0.00000000
      0.1110250  0.00000000  0.00000000  0.00000000  1.08193300  0.00000000
      0.0392580  0.00000000  0.00000000  0.00000000  0.00000000  1.00000000
$ P-TYPE FUNCTIONS
    9    4    0
    168.2896000  0.14249000  0.00000000  0.00000000  0.00000000
     36.6563300  0.56554700  0.00000000  0.00000000  0.00000000
     11.2321200  0.45999300  0.00000000  0.00000000  0.00000000
     11.3587700  0.00000000  0.02613800  0.00000000  0.00000000
      3.7388460  0.00000000  0.47659800  0.00000000  0.00000000
      1.1824630  0.00000000  0.60038000  0.00000000  0.00000000
      0.9889040  0.00000000  0.00000000  0.00029400  0.00000000
      0.1110250  0.00000000  0.00000000  0.99991700  0.00000000
      0.0392580  0.00000000  0.00000000  0.00000000  1.00000000
$ D-TYPE FUNCTIONS
    3    2    0
     15.2206900  0.27260600  0.00000000
      3.7860200  0.84592800  0.00000000
      0.9045570  0.00000000  1.00000000
A 29
$ COPPER       (12s,9p,3d) -> [5s,4p,2d]                         
$ S-TYPE FUNCTIONS
   12    5    0
   4134.3020000  0.06318800  0.00000000  0.00000000  0.00000000  0.00000000
    625.4912000  0.37484500  0.00000000  0.00000000  0.00000000  0.00000000
    136.9556000  0.68310000  0.00000000  0.00000000  0.00000000  0.00000000
    181.4960000  0.00000000 -0.11132000  0.00000000  0.00000000  0.00000000
     39.5743100  0.00000000  0.09448700  0.00000000  0.00000000  0.00000000
     12.1624600  0.00000000  0.96087900  0.00000000  0.00000000  0.00000000
     12.3511100  0.00000000  0.00000000 -0.29222300  0.00000000  0.00000000
      4.0496510  0.00000000  0.00000000  0.34299100  0.00000000  0.00000000
      1.2792250  0.00000000  0.00000000  0.84794600  0.00000000  0.00000000
      1.0498040  0.00000000  0.00000000  0.00000000 -0.20650800  0.00000000
      0.1169330  0.00000000  0.00000000  0.00000000  1.07927300  0.00000000
      0.0007510  0.00000000  0.00000000  0.00000000  0.00000000  1.00000000
$ P-TYPE FUNCTIONS
    9    4    0
    181.4960000  0.14308400  0.00000000  0.00000000  0.00000000
     39.5743100  0.56775600  0.00000000  0.00000000  0.00000000
     12.1624600  0.45671400  0.00000000  0.00000000  0.00000000
     12.3511100  0.00000000  0.02772700  0.00000000  0.00000000
      4.0496510  0.00000000  0.48352400  0.00000000  0.00000000
      1.2792250  0.00000000  0.59297800  0.00000000  0.00000000
      1.0498040  0.00000000  0.00000000  0.00013900  0.00000000
      0.1169330  0.00000000  0.00000000  0.99996100  0.00000000
      0.0007510  0.00000000  0.00000000  0.00000000  1.00000000
$ D-TYPE FUNCTIONS
    3    2    0
     16.7593800  0.27411200  0.00000000
      4.1789770  0.84462500  0.00000000
      0.9943270  0.00000000  1.00000000
A 30
$ ZINC         (12s,9p,3d) -> [5s,4p,2d]                         
$ S-TYPE FUNCTIONS
   12    5    0
   4432.2880000  0.06309300  0.00000000  0.00000000  0.00000000  0.00000000
    670.6601000  0.37450400  0.00000000  0.00000000  0.00000000  0.00000000
    146.9024000  0.68341600  0.00000000  0.00000000  0.00000000  0.00000000
    195.0042000  0.00000000 -0.11162800  0.00000000  0.00000000  0.00000000
     42.5688900  0.00000000  0.09433600  0.00000000  0.00000000  0.00000000
     13.1214300  0.00000000  0.96110000  0.00000000  0.00000000  0.00000000
     13.4023100  0.00000000  0.00000000 -0.29178100  0.00000000  0.00000000
      4.3999060  0.00000000  0.00000000  0.34261400  0.00000000  0.00000000
      1.3851480  0.00000000  0.00000000  0.84828400  0.00000000  0.00000000
      1.1215580  0.00000000  0.00000000  0.00000000 -0.20237100  0.00000000
      0.1229440  0.00000000  0.00000000  0.00000000  1.07703500  0.00000000
      0.0421930  0.00000000  0.00000000  0.00000000  0.00000000  1.00000000
$ P-TYPE FUNCTIONS
    9    4    0
    195.0042000  0.14380600  0.00000000  0.00000000  0.00000000
     42.5688900  0.57000200  0.00000000  0.00000000  0.00000000
     13.1214300  0.45331200  0.00000000  0.00000000  0.00000000
     13.4023100  0.00000000  0.02870500  0.00000000  0.00000000
      4.3999060  0.00000000  0.48625200  0.00000000  0.00000000
      1.3851480  0.00000000  0.59023500  0.00000000  0.00000000
      1.1215580  0.00000000  0.00000000  0.00034400  0.00000000
      0.1229440  0.00000000  0.00000000  0.99990500  0.00000000
      0.0421930  0.00000000  0.00000000  0.00000000  1.00000000
$ D-TYPE FUNCTIONS
    3    2    0
     18.3682000  0.27538600  0.00000000
      4.5913040  0.84347700  0.00000000
      1.0902030  0.00000000  1.00000000
A 31
$ GALLIUM      (12s,9p,3d) -> [5s,4p,1d]                         
$ S-TYPE FUNCTIONS
   12    5    0
   4751.8979000  0.06284000  0.00000000  0.00000000  0.00000000  0.00000000
    718.9205400  0.37361100  0.00000000  0.00000000  0.00000000  0.00000000
    157.4459200  0.68436300  0.00000000  0.00000000  0.00000000  0.00000000
    209.5834000  0.00000000 -0.11151600  0.00000000  0.00000000  0.00000000
     45.6917100  0.00000000  0.09269600  0.00000000  0.00000000  0.00000000
     14.1329700  0.00000000  0.96228700  0.00000000  0.00000000  0.00000000
     14.5995400  0.00000000  0.00000000  0.29102900  0.00000000  0.00000000
      4.8608420  0.00000000  0.00000000 -0.32318800  0.00000000  0.00000000
      1.5491110  0.00000000  0.00000000 -0.86439100  0.00000000  0.00000000
      1.2679430  0.00000000  0.00000000  0.00000000 -0.28513100  0.00000000
      0.1883990  0.00000000  0.00000000  0.00000000  1.12802200  0.00000000
      0.0572370  0.00000000  0.00000000  0.00000000  0.00000000  1.00000000
$ P-TYPE FUNCTIONS
    9    4    0
    209.5834000  0.14426600  0.00000000  0.00000000  0.00000000
     45.6917100  0.57317800  0.00000000  0.00000000  0.00000000
     14.1329700  0.44908600  0.00000000  0.00000000  0.00000000
     14.5995400  0.00000000  0.02656200  0.00000000  0.00000000
      4.8608420  0.00000000  0.48331400  0.00000000  0.00000000
      1.5491110  0.00000000  0.59243000  0.00000000  0.00000000
      1.2679430  0.00000000  0.00000000  0.03018300  0.00000000
      0.1883990  0.00000000  0.00000000  0.98846600  0.00000000
      0.0572370  0.00000000  0.00000000  0.00000000  1.00000000
$ D-TYPE FUNCTIONS
    3    1    0
     21.2925300  0.16199000
      5.3931660  0.51167400
      1.3338830  0.58987300
A 32
$ GERMANIUM    (12s,9p,3d) -> [5s,4p,1d]                         
$ S-TYPE FUNCTIONS
   12    5    0
   5073.7499000  0.06272500  0.00000000  0.00000000  0.00000000  0.00000000
    767.7241700  0.37316700  0.00000000  0.00000000  0.00000000  0.00000000
    168.1888100  0.68478700  0.00000000  0.00000000  0.00000000  0.00000000
    224.4360000  0.00000000 -0.11151500  0.00000000  0.00000000  0.00000000
     48.9554300  0.00000000  0.09120000  0.00000000  0.00000000  0.00000000
     15.1837000  0.00000000  0.96344900  0.00000000  0.00000000  0.00000000
     15.9125700  0.00000000  0.00000000 -0.28956500  0.00000000  0.00000000
      5.4414370  0.00000000  0.00000000  0.29388300  0.00000000  0.00000000
      1.7426030  0.00000000  0.00000000  0.88919900  0.00000000  0.00000000
      1.4665380  0.00000000  0.00000000  0.00000000 -0.39673400  0.00000000
      0.2630930  0.00000000  0.00000000  0.00000000  1.19067000  0.00000000
      0.0848210  0.00000000  0.00000000  0.00000000  0.00000000  1.00000000
$ P-TYPE FUNCTIONS
    9    4    0
    224.4360000  0.14464000  0.00000000  0.00000000  0.00000000
     48.9554300  0.57538000  0.00000000  0.00000000  0.00000000
     15.1837000  0.44599500  0.00000000  0.00000000  0.00000000
     15.9125700  0.00000000  0.02297300  0.00000000  0.00000000
      5.4414370  0.00000000  0.47324500  0.00000000  0.00000000
      1.7426030  0.00000000  0.60327800  0.00000000  0.00000000
      1.4665380  0.00000000  0.00000000  0.02789300  0.00000000
      0.2630930  0.00000000  0.00000000  0.98749000  0.00000000
      0.0848210  0.00000000  0.00000000  0.00000000  1.00000000
$ D-TYPE FUNCTIONS
    3    1    0
     24.3214210  0.15779900
      6.2238140  0.51149200
      1.5887370  0.58577000
A 33
$ ARSENIC      (12s,9p,3d) -> [5s,4p,1d]                         
$ S-TYPE FUNCTIONS
   12    5    0
   5407.6138000  0.06260100  0.00000000  0.00000000  0.00000000  0.00000000
    818.1743600  0.37277900  0.00000000  0.00000000  0.00000000  0.00000000
    179.2656900  0.68518400  0.00000000  0.00000000  0.00000000  0.00000000
    237.7783000  0.00000000 -0.11283800  0.00000000  0.00000000  0.00000000
     54.2566200  0.00000000  0.08722700  0.00000000  0.00000000  0.00000000
     16.3280300  0.00000000  0.96818800  0.00000000  0.00000000  0.00000000
     17.1018500  0.00000000  0.00000000 -0.29145400  0.00000000  0.00000000
      5.8051440  0.00000000  0.00000000  0.29696200  0.00000000  0.00000000
      1.9020840  0.00000000  0.00000000  0.88657900  0.00000000  0.00000000
      1.6754040  0.00000000  0.00000000  0.00000000 -0.50576100  0.00000000
      0.3416560  0.00000000  0.00000000  0.00000000  1.25176400  0.00000000
      0.1136300  0.00000000  0.00000000  0.00000000  0.00000000  1.00000000
$ P-TYPE FUNCTIONS
    9    4    0
    237.7783000  0.14968000  0.00000000  0.00000000  0.00000000
     54.2566200  0.56232200  0.00000000  0.00000000  0.00000000
     16.3280300  0.45932300  0.00000000  0.00000000  0.00000000
     17.1018500  0.00000000  0.02568600  0.00000000  0.00000000
      5.8051440  0.00000000  0.48339700  0.00000000  0.00000000
      1.9020840  0.00000000  0.58878500  0.00000000  0.00000000
      1.6754040  0.00000000  0.00000000  0.02528200  0.00000000
      0.3416560  0.00000000  0.00000000  0.98743300  0.00000000
      0.1136300  0.00000000  0.00000000  0.00000000  1.00000000
$ D-TYPE FUNCTIONS
    3    1    0
     27.4372090  0.15449500
      7.0840440  0.51143200
      1.8558230  0.58219400
A 34
$ SELENIUM     (12s,9p,3d) -> [5s,4p,1d]                         
$ S-TYPE FUNCTIONS
   12    5    0
   5751.3215000  0.06249300  0.00000000  0.00000000  0.00000000  0.00000000
    870.2572100  0.37236800  0.00000000  0.00000000  0.00000000  0.00000000
    190.7294900  0.68558000  0.00000000  0.00000000  0.00000000  0.00000000
    255.0164000  0.00000000 -0.11190800  0.00000000  0.00000000  0.00000000
     55.5765400  0.00000000  0.09099900  0.00000000  0.00000000  0.00000000
     17.3566100  0.00000000  0.96366800  0.00000000  0.00000000  0.00000000
     18.4456800  0.00000000  0.00000000 -0.29179300  0.00000000  0.00000000
      6.3287590  0.00000000  0.00000000  0.28462100  0.00000000  0.00000000
      2.0967580  0.00000000  0.00000000  0.89730500  0.00000000  0.00000000
      1.8726330  0.00000000  0.00000000  0.00000000 -0.56776400  0.00000000
      0.4174740  0.00000000  0.00000000  0.00000000  1.29412700  0.00000000
      0.1370910  0.00000000  0.00000000  0.00000000  0.00000000  1.00000000
$ P-TYPE FUNCTIONS
    9    4    0
    255.0164000  0.14614900  0.00000000  0.00000000  0.00000000
     55.5765400  0.58137100  0.00000000  0.00000000  0.00000000
     17.3566100  0.43746000  0.00000000  0.00000000  0.00000000
     18.4456800  0.00000000  0.02442100  0.00000000  0.00000000
      6.3287590  0.00000000  0.48336500  0.00000000  0.00000000
      2.0967580  0.00000000  0.58790400  0.00000000  0.00000000
      1.8726330  0.00000000  0.00000000  0.02825500  0.00000000
      0.4174740  0.00000000  0.00000000  0.98490600  0.00000000
      0.1370910  0.00000000  0.00000000  0.00000000  1.00000000
$ D-TYPE FUNCTIONS
    3    1    0
     30.6274640  0.15198600
      7.9712760  0.51164000
      2.1348100  0.57869400
A 35
$ BROMINE      (12s,9p,3d) -> [5s,4p,1d]                         
$ S-TYPE FUNCTIONS
   12    5    0
   6103.2899000  0.06241800  0.00000000  0.00000000  0.00000000  0.00000000
    923.6974300  0.37204100  0.00000000  0.00000000  0.00000000  0.00000000
    202.5203100  0.68587300  0.00000000  0.00000000  0.00000000  0.00000000
    270.6015000  0.00000000 -0.11214900  0.00000000  0.00000000  0.00000000
     58.2535700  0.00000000  0.09314500  0.00000000  0.00000000  0.00000000
     18.4693300  0.00000000  0.96167900  0.00000000  0.00000000  0.00000000
     19.7614200  0.00000000  0.00000000 -0.29387000  0.00000000  0.00000000
      6.8217520  0.00000000  0.00000000  0.28026600  0.00000000  0.00000000
      2.2916290  0.00000000  0.00000000  0.90203600  0.00000000  0.00000000
      2.1312060  0.00000000  0.00000000  0.00000000 -0.65180300  0.00000000
      0.4993540  0.00000000  0.00000000  0.00000000  1.33601200  0.00000000
      0.1647640  0.00000000  0.00000000  0.00000000  0.00000000  1.00000000
$ P-TYPE FUNCTIONS
    9    4    0
    270.6015000  0.14775100  0.00000000  0.00000000  0.00000000
     58.2535700  0.60105600  0.00000000  0.00000000  0.00000000
     18.4693300  0.41287000  0.00000000  0.00000000  0.00000000
     19.7614200  0.00000000  0.02500700  0.00000000  0.00000000
      6.8217520  0.00000000  0.48661000  0.00000000  0.00000000
      2.2916290  0.00000000  0.58242300  0.00000000  0.00000000
      2.1312060  0.00000000  0.00000000  0.02870800  0.00000000
      0.4993540  0.00000000  0.00000000  0.98407000  0.00000000
      0.1647640  0.00000000  0.00000000  0.00000000  1.00000000
$ D-TYPE FUNCTIONS
    3    1    0
     33.9650970  0.14966700
      8.9008310  0.51174800
      2.4284360  0.57591500
A 36
$ KRYPTON      (12s,9p,3d) -> [5s,4p,1d]                         
$ S-TYPE FUNCTIONS
   12    5    0
   6446.6307000  0.06254000  0.00000000  0.00000000  0.00000000  0.00000000
    976.8757000  0.37210700  0.00000000  0.00000000  0.00000000  0.00000000
    214.4795500  0.68561100  0.00000000  0.00000000  0.00000000  0.00000000
    287.6446000  0.00000000 -0.11206100  0.00000000  0.00000000  0.00000000
     62.6200900  0.00000000  0.09013900  0.00000000  0.00000000  0.00000000
     19.6917400  0.00000000  0.96433000  0.00000000  0.00000000  0.00000000
     21.1232100  0.00000000  0.00000000 -0.29581700  0.00000000  0.00000000
      7.3032860  0.00000000  0.00000000  0.27921700  0.00000000  0.00000000
      2.4888500  0.00000000  0.00000000  0.90373000  0.00000000  0.00000000
      2.3613740  0.00000000  0.00000000  0.00000000 -0.72024500  0.00000000
      0.5860160  0.00000000  0.00000000  0.00000000  1.37684600  0.00000000
      0.1944470  0.00000000  0.00000000  0.00000000  0.00000000  1.00000000
$ P-TYPE FUNCTIONS
    9    4    0
    287.6446000  0.14752800  0.00000000  0.00000000  0.00000000
     62.6200900  0.58689200  0.00000000  0.00000000  0.00000000
     19.6917400  0.42950700  0.00000000  0.00000000  0.00000000
     21.1232100  0.00000000  0.02607000  0.00000000  0.00000000
      7.3032860  0.00000000  0.49225000  0.00000000  0.00000000
      2.4888500  0.00000000  0.57427400  0.00000000  0.00000000
      2.3613740  0.00000000  0.00000000  0.02877500  0.00000000
      0.5860160  0.00000000  0.00000000  0.98333900  0.00000000
      0.1944470  0.00000000  0.00000000  0.00000000  1.00000000
$ D-TYPE FUNCTIONS
    3    1    0
     37.3681030  0.14794700
      9.8543130  0.51217200
      2.7327950  0.57295000
A 37
$ RUBIDIUM     (15s,12p,3d) -> [6s,5p,1d]                        
$ S-TYPE FUNCTIONS
   15    6    0
   6816.7225000  0.06249600  0.00000000  0.00000000  0.00000000  0.00000000  0.00000000
   1033.0007000  0.37195000  0.00000000  0.00000000  0.00000000  0.00000000  0.00000000
    226.9086100  0.68572900  0.00000000  0.00000000  0.00000000  0.00000000  0.00000000
    304.1283000  0.00000000 -0.11233000  0.00000000  0.00000000  0.00000000  0.00000000
     66.2605800  0.00000000  0.09075100  0.00000000  0.00000000  0.00000000  0.00000000
     20.9194500  0.00000000  0.96394100  0.00000000  0.00000000  0.00000000  0.00000000
     22.4653300  0.00000000  0.00000000 -0.30048500  0.00000000  0.00000000  0.00000000
      7.8774680  0.00000000  0.00000000  0.27835700  0.00000000  0.00000000  0.00000000
      2.7052710  0.00000000  0.00000000  0.90761000  0.00000000  0.00000000  0.00000000
      2.6921160  0.00000000  0.00000000  0.00000000 -0.33116200  0.00000000  0.00000000
      0.7230560  0.00000000  0.00000000  0.00000000  0.50969900  0.00000000  0.00000000
      0.2598380  0.00000000  0.00000000  0.00000000  0.69824600  0.00000000  0.00000000
      0.1897140  0.00000000  0.00000000  0.00000000  0.00000000 -0.27119300  0.00000000
      0.0339970  0.00000000  0.00000000  0.00000000  0.00000000  1.14155000  0.00000000
      0.0147120  0.00000000  0.00000000  0.00000000  0.00000000  0.00000000  1.00000000
$ P-TYPE FUNCTIONS
   12    5    0
    304.1283000  0.14844100  0.00000000  0.00000000  0.00000000  0.00000000
     66.2605800  0.58912500  0.00000000  0.00000000  0.00000000  0.00000000
     20.9194500  0.42582500  0.00000000  0.00000000  0.00000000  0.00000000
     22.4653300  0.00000000  0.02445400  0.00000000  0.00000000  0.00000000
      7.8774680  0.00000000  0.49445400  0.00000000  0.00000000  0.00000000
      2.7052710  0.00000000  0.57185700  0.00000000  0.00000000  0.00000000
      2.6921160  0.00000000  0.00000000  0.01190100  0.00000000  0.00000000
      0.7230560  0.00000000  0.00000000  0.49517300  0.00000000  0.00000000
      0.2598380  0.00000000  0.00000000  0.57372400  0.00000000  0.00000000
      0.1897140  0.00000000  0.00000000  0.00000000  0.00030800  0.00000000
      0.0339970  0.00000000  0.00000000  0.00000000  0.99986500  0.00000000
      0.0147120  0.00000000  0.00000000  0.00000000  0.00000000  1.00000000
$ D-TYPE FUNCTIONS
    3    1    0
     40.8660310  0.14660400
     10.8408850  0.51272500
      3.0508340  0.56998000
A 38
$ STRONTIUM    (15s,12p,3d) -> [6s,5p,1d]                        
$ S-TYPE FUNCTIONS
   15    6    0
   7215.4735000  0.06228200  0.00000000  0.00000000  0.00000000  0.00000000  0.00000000
   1092.8519000  0.37131000  0.00000000  0.00000000  0.00000000  0.00000000  0.00000000
    239.9818200  0.68644400  0.00000000  0.00000000  0.00000000  0.00000000  0.00000000
    322.1246000  0.00000000 -0.11223500  0.00000000  0.00000000  0.00000000  0.00000000
     70.0904600  0.00000000  0.08954400  0.00000000  0.00000000  0.00000000  0.00000000
     22.1764100  0.00000000  0.96481300  0.00000000  0.00000000  0.00000000  0.00000000
     23.9276300  0.00000000  0.00000000 -0.30247200  0.00000000  0.00000000  0.00000000
      8.4751140  0.00000000  0.00000000  0.27008400  0.00000000  0.00000000  0.00000000
      2.9429340  0.00000000  0.00000000  0.91592000  0.00000000  0.00000000  0.00000000
      2.9409660  0.00000000  0.00000000  0.00000000 -0.35198500  0.00000000  0.00000000
      0.8523560  0.00000000  0.00000000  0.00000000  0.49725500  0.00000000  0.00000000
      0.3215370  0.00000000  0.00000000  0.00000000  0.72386000  0.00000000  0.00000000
      0.3480420  0.00000000  0.00000000  0.00000000  0.00000000 -0.28514700  0.00000000
      0.0481770  0.00000000  0.00000000  0.00000000  0.00000000  1.12093900  0.00000000
      0.0218030  0.00000000  0.00000000  0.00000000  0.00000000  0.00000000  1.00000000
$ P-TYPE FUNCTIONS
   12    5    0
    322.1246000  0.14883700  0.00000000  0.00000000  0.00000000  0.00000000
     70.0904600  0.59194700  0.00000000  0.00000000  0.00000000  0.00000000
     22.1764100  0.42217100  0.00000000  0.00000000  0.00000000  0.00000000
     23.9276300  0.00000000  0.02483700  0.00000000  0.00000000  0.00000000
      8.4751140  0.00000000  0.49347800  0.00000000  0.00000000  0.00000000
      2.9429340  0.00000000  0.57098300  0.00000000  0.00000000  0.00000000
      2.9409660  0.00000000  0.00000000  0.00972300  0.00000000  0.00000000
      0.8523560  0.00000000  0.00000000  0.49832200  0.00000000  0.00000000
      0.3215370  0.00000000  0.00000000  0.56505600  0.00000000  0.00000000
      0.3480420  0.00000000  0.00000000  0.00000000  0.00030800  0.00000000
      0.0481770  0.00000000  0.00000000  0.00000000  0.99989300  0.00000000
      0.0218030  0.00000000  0.00000000  0.00000000  0.00000000  1.00000000
$ D-TYPE FUNCTIONS
    3    1    0
     44.5661150  0.14512700
     11.8814890  0.51306800
      3.3875580  0.56766400
A 39
$ YTTRIUM      (15s,12p,6d) -> [6s,5p,3d]                        
$ S-TYPE FUNCTIONS
   15    6    0
   7646.4210000  0.06189100  0.00000000  0.00000000  0.00000000  0.00000000  0.00000000
   1156.8630000  0.37020700  0.00000000  0.00000000  0.00000000  0.00000000  0.00000000
    253.7152000  0.68775600  0.00000000  0.00000000  0.00000000  0.00000000  0.00000000
    341.8540000  0.00000000 -0.11190000  0.00000000  0.00000000  0.00000000  0.00000000
     74.2098600  0.00000000  0.08680500  0.00000000  0.00000000  0.00000000  0.00000000
     23.5135200  0.00000000  0.96678500  0.00000000  0.00000000  0.00000000  0.00000000
     18.8626000  0.00000000  0.00000000 -1.47787300  0.00000000  0.00000000  0.00000000
     16.4540500  0.00000000  0.00000000  1.34725900  0.00000000  0.00000000  0.00000000
      3.4845000  0.00000000  0.00000000  1.00623100  0.00000000  0.00000000  0.00000000
      3.2217330  0.00000000  0.00000000  0.00000000 -0.36995800  0.00000000  0.00000000
      1.0507050  0.00000000  0.00000000  0.00000000  0.43086400  0.00000000  0.00000000
      0.3925920  0.00000000  0.00000000  0.00000000  0.80208700  0.00000000  0.00000000
      0.4327640  0.00000000  0.00000000  0.00000000  0.00000000 -0.34645800  0.00000000
      0.0570120  0.00000000  0.00000000  0.00000000  0.00000000  1.13277700  0.00000000
      0.0237540  0.00000000  0.00000000  0.00000000  0.00000000  0.00000000  1.00000000
$ P-TYPE FUNCTIONS
   12    5    0
    341.8540000  0.14857200  0.00000000  0.00000000  0.00000000  0.00000000
     74.2098600  0.59430700  0.00000000  0.00000000  0.00000000  0.00000000
     23.5135200  0.41960400  0.00000000  0.00000000  0.00000000  0.00000000
     18.8626000  0.00000000 -0.70414100  0.00000000  0.00000000  0.00000000
     16.4540500  0.00000000  1.05786200  0.00000000  0.00000000  0.00000000
      3.4845000  0.00000000  0.73938200  0.00000000  0.00000000  0.00000000
      3.2217330  0.00000000  0.00000000  0.00249400  0.00000000  0.00000000
      1.0507050  0.00000000  0.00000000  0.45376200  0.00000000  0.00000000
      0.3925920  0.00000000  0.00000000  0.61306800  0.00000000  0.00000000
      0.4327640  0.00000000  0.00000000  0.00000000 -0.00133700  0.00000000
      0.0570120  0.00000000  0.00000000  0.00000000  1.00044000  0.00000000
      0.0237540  0.00000000  0.00000000  0.00000000  0.00000000  1.00000000
$ D-TYPE FUNCTIONS
    6    3    0
     50.3537500  0.13679600  0.00000000  0.00000000
     13.5307800  0.50190600  0.00000000  0.00000000
      3.9449960  0.57886000  0.00000000  0.00000000
      1.5301370  0.00000000  0.33840300  0.00000000
      0.6300670  0.00000000  0.72932900  0.00000000
      0.2165880  0.00000000  0.00000000  1.00000000
A 40
$ ZIRCONIUM    (15s,12p,6d) -> [6s,5p,3d]                        
$ S-TYPE FUNCTIONS
   15    6    0
   8084.5920000  0.06157800  0.00000000  0.00000000  0.00000000  0.00000000  0.00000000
   1221.6680000  0.36939900  0.00000000  0.00000000  0.00000000  0.00000000  0.00000000
    267.6917000  0.68872800  0.00000000  0.00000000  0.00000000  0.00000000  0.00000000
    361.0212000  0.00000000 -0.11190700  0.00000000  0.00000000  0.00000000  0.00000000
     78.3049500  0.00000000  0.08584000  0.00000000  0.00000000  0.00000000  0.00000000
     24.8452300  0.00000000  0.96751300  0.00000000  0.00000000  0.00000000  0.00000000
     20.0062800  0.00000000  0.00000000 -1.54434900  0.00000000  0.00000000  0.00000000
     17.5741500  0.00000000  0.00000000  1.40959600  0.00000000  0.00000000  0.00000000
      3.7429850  0.00000000  0.00000000  1.00934900  0.00000000  0.00000000  0.00000000
      3.5547880  0.00000000  0.00000000  0.00000000 -0.37938700  0.00000000  0.00000000
      1.1789920  0.00000000  0.00000000  0.00000000  0.42328500  0.00000000  0.00000000
      0.4446970  0.00000000  0.00000000  0.00000000  0.81406800  0.00000000  0.00000000
      0.5050490  0.00000000  0.00000000  0.00000000  0.00000000 -0.32951200  0.00000000
      0.0621160  0.00000000  0.00000000  0.00000000  0.00000000  1.12070900  0.00000000
      0.0255800  0.00000000  0.00000000  0.00000000  0.00000000  0.00000000  1.00000000
$ P-TYPE FUNCTIONS
   12    5    0
    361.0212000  0.14876200  0.00000000  0.00000000  0.00000000  0.00000000
     78.3049500  0.59656900  0.00000000  0.00000000  0.00000000  0.00000000
     24.8452300  0.41678500  0.00000000  0.00000000  0.00000000  0.00000000
     20.0062800  0.00000000 -0.75684800  0.00000000  0.00000000  0.00000000
     17.5741500  0.00000000  1.11209000  0.00000000  0.00000000  0.00000000
      3.7429850  0.00000000  0.73680200  0.00000000  0.00000000  0.00000000
      3.5547880  0.00000000  0.00000000  0.00259900  0.00000000  0.00000000
      1.1789920  0.00000000  0.00000000  0.45997600  0.00000000  0.00000000
      0.4446970  0.00000000  0.00000000  0.60584900  0.00000000  0.00000000
      0.5050490  0.00000000  0.00000000  0.00000000 -0.00124900  0.00000000
      0.0621160  0.00000000  0.00000000  0.00000000  1.00038400  0.00000000
      0.0255800  0.00000000  0.00000000  0.00000000  0.00000000  1.00000000
$ D-TYPE FUNCTIONS
    6    3    0
     54.7232300  0.13482400  0.00000000  0.00000000
     14.7741600  0.50055400  0.00000000  0.00000000
      4.3589610  0.57878200  0.00000000  0.00000000
      1.8628420  0.00000000  0.28503200  0.00000000
      0.6433130  0.00000000  0.79720700  0.00000000
      0.1993950  0.00000000  0.00000000  1.00000000
A 41
$ NIOBIUM      (15s,12p,6d) -> [6s,5p,3d]                        
$ S-TYPE FUNCTIONS
   15    6    0
   8466.5170000  0.06180400  0.00000000  0.00000000  0.00000000  0.00000000  0.00000000
   1281.2610000  0.36980500  0.00000000  0.00000000  0.00000000  0.00000000  0.00000000
    281.2311000  0.68807900  0.00000000  0.00000000  0.00000000  0.00000000  0.00000000
    379.4729000  0.00000000 -0.11210600  0.00000000  0.00000000  0.00000000  0.00000000
     82.3358900  0.00000000  0.08650300  0.00000000  0.00000000  0.00000000  0.00000000
     26.2224800  0.00000000  0.96705700  0.00000000  0.00000000  0.00000000  0.00000000
     21.1629400  0.00000000  0.00000000 -1.55513100  0.00000000  0.00000000  0.00000000
     18.5897800  0.00000000  0.00000000  1.41793900  0.00000000  0.00000000  0.00000000
      4.0099810  0.00000000  0.00000000  1.01062000  0.00000000  0.00000000  0.00000000
      3.8363750  0.00000000  0.00000000  0.00000000 -0.38910400  0.00000000  0.00000000
      1.3033250  0.00000000  0.00000000  0.00000000  0.43497000  0.00000000  0.00000000
      0.4934310  0.00000000  0.00000000  0.00000000  0.81159000  0.00000000  0.00000000
      0.5723730  0.00000000  0.00000000  0.00000000  0.00000000 -0.31560900  0.00000000
      0.0682030  0.00000000  0.00000000  0.00000000  0.00000000  1.11404700  0.00000000
      0.0271570  0.00000000  0.00000000  0.00000000  0.00000000  0.00000000  1.00000000
$ P-TYPE FUNCTIONS
   12    5    0
    379.4729000  0.14966700  0.00000000  0.00000000  0.00000000  0.00000000
     82.3358900  0.59871800  0.00000000  0.00000000  0.00000000  0.00000000
     26.2224800  0.41323800  0.00000000  0.00000000  0.00000000  0.00000000
     21.1629400  0.00000000 -0.75546200  0.00000000  0.00000000  0.00000000
     18.5897800  0.00000000  1.11396600  0.00000000  0.00000000  0.00000000
      4.0099810  0.00000000  0.73276700  0.00000000  0.00000000  0.00000000
      3.8363750  0.00000000  0.00000000  0.00329000  0.00000000  0.00000000
      1.3033250  0.00000000  0.00000000  0.47164500  0.00000000  0.00000000
      0.4934310  0.00000000  0.00000000  0.59369900  0.00000000  0.00000000
      0.5723730  0.00000000  0.00000000  0.00000000 -0.00113300  0.00000000
      0.0682030  0.00000000  0.00000000  0.00000000  1.00033800  0.00000000
      0.0271570  0.00000000  0.00000000  0.00000000  0.00000000  1.00000000
$ D-TYPE FUNCTIONS
    6    3    0
     59.0121900  0.13371000  0.00000000  0.00000000
     16.0127900  0.50003900  0.00000000  0.00000000
      4.7771850  0.57753800  0.00000000  0.00000000
      1.9704430  0.00000000  0.31068100  0.00000000
      0.6619350  0.00000000  0.78006900  0.00000000
      0.2059970  0.00000000  0.00000000  1.00000000
A 42
$ MOLYBDENUM   (15s,12p,6d) -> [6s,5p,3d]                        
$ S-TYPE FUNCTIONS
   15    6    0
   8899.4910000  0.06170600  0.00000000  0.00000000  0.00000000  0.00000000  0.00000000
   1346.7640000  0.36945400  0.00000000  0.00000000  0.00000000  0.00000000  0.00000000
    295.6352000  0.68843400  0.00000000  0.00000000  0.00000000  0.00000000  0.00000000
    399.3139000  0.00000000 -0.11214400  0.00000000  0.00000000  0.00000000  0.00000000
     86.5935600  0.00000000  0.08601100  0.00000000  0.00000000  0.00000000  0.00000000
     27.6390400  0.00000000  0.96743300  0.00000000  0.00000000  0.00000000  0.00000000
     22.5029200  0.00000000  0.00000000 -1.42230600  0.00000000  0.00000000  0.00000000
     19.4917100  0.00000000  0.00000000  1.28418500  0.00000000  0.00000000  0.00000000
      4.2781800  0.00000000  0.00000000  1.01086600  0.00000000  0.00000000  0.00000000
      4.1630210  0.00000000  0.00000000  0.00000000 -0.39642300  0.00000000  0.00000000
      1.4353050  0.00000000  0.00000000  0.00000000  0.43707900  0.00000000  0.00000000
      0.5437820  0.00000000  0.00000000  0.00000000  0.81484600  0.00000000  0.00000000
      0.6318010  0.00000000  0.00000000  0.00000000  0.00000000 -0.30336200  0.00000000
      0.0732580  0.00000000  0.00000000  0.00000000  0.00000000  1.10841300  0.00000000
      0.0280250  0.00000000  0.00000000  0.00000000  0.00000000  0.00000000  1.00000000
$ P-TYPE FUNCTIONS
   12    5    0
    399.3139000  0.15006600  0.00000000  0.00000000  0.00000000  0.00000000
     86.5935600  0.60076900  0.00000000  0.00000000  0.00000000  0.00000000
     27.6390400  0.41038600  0.00000000  0.00000000  0.00000000  0.00000000
     22.5029200  0.00000000 -0.66806600  0.00000000  0.00000000  0.00000000
     19.4917100  0.00000000  1.03034600  0.00000000  0.00000000  0.00000000
      4.2781800  0.00000000  0.72834800  0.00000000  0.00000000  0.00000000
      4.1630210  0.00000000  0.00000000  0.00296300  0.00000000  0.00000000
      1.4353050  0.00000000  0.00000000  0.47914700  0.00000000  0.00000000
      0.5437820  0.00000000  0.00000000  0.58648700  0.00000000  0.00000000
      0.6318010  0.00000000  0.00000000  0.00000000 -0.00107900  0.00000000
      0.0732580  0.00000000  0.00000000  0.00000000  1.00031300  0.00000000
      0.0280250  0.00000000  0.00000000  0.00000000  0.00000000  1.00000000
$ D-TYPE FUNCTIONS
    6    3    0
     63.7804500  0.13173900  0.00000000  0.00000000
     17.3735800  0.49853200  0.00000000  0.00000000
      5.2307840  0.57817800  0.00000000  0.00000000
      2.2709370  0.00000000  0.31126400  0.00000000
      0.7546530  0.00000000  0.78103400  0.00000000
      0.2351420  0.00000000  0.00000000  1.00000000
A 43
$ TECHNETIUM   (15s,12p,6d) -> [6s,5p,3d]                        
$ S-TYPE FUNCTIONS
   15    6    0
   9329.4820000  0.06171200  0.00000000  0.00000000  0.00000000  0.00000000  0.00000000
   1412.5060000  0.36933700  0.00000000  0.00000000  0.00000000  0.00000000  0.00000000
    310.2643000  0.68847200  0.00000000  0.00000000  0.00000000  0.00000000  0.00000000
    418.8175000  0.00000000 -0.11240300  0.00000000  0.00000000  0.00000000  0.00000000
     91.2507800  0.00000000  0.08531800  0.00000000  0.00000000  0.00000000  0.00000000
     29.1121200  0.00000000  0.96817700  0.00000000  0.00000000  0.00000000  0.00000000
     25.9106400  0.00000000  0.00000000 -1.38044600  0.00000000  0.00000000  0.00000000
     23.2677000  0.00000000  0.00000000  1.19790000  0.00000000  0.00000000  0.00000000
      4.7070830  0.00000000  0.00000000  1.05264900  0.00000000  0.00000000  0.00000000
      4.4411380  0.00000000  0.00000000  0.00000000 -0.40411400  0.00000000  0.00000000
      1.5956390  0.00000000  0.00000000  0.00000000  0.43983800  0.00000000  0.00000000
      0.5955600  0.00000000  0.00000000  0.00000000  0.82193600  0.00000000  0.00000000
      0.6738810  0.00000000  0.00000000  0.00000000  0.00000000 -0.27000300  0.00000000
      0.0772410  0.00000000  0.00000000  0.00000000  0.00000000  1.09915000  0.00000000
      0.0286960  0.00000000  0.00000000  0.00000000  0.00000000  0.00000000  1.00000000
$ P-TYPE FUNCTIONS
   12    5    0
    418.8175000  0.15007200  0.00000000  0.00000000  0.00000000  0.00000000
     91.2507800  0.60005700  0.00000000  0.00000000  0.00000000  0.00000000
     29.1121200  0.41098600  0.00000000  0.00000000  0.00000000  0.00000000
     25.9106400  0.00000000 -1.65527100  0.00000000  0.00000000  0.00000000
     23.2677000  0.00000000  1.98602000  0.00000000  0.00000000  0.00000000
      4.7070830  0.00000000  0.72903400  0.00000000  0.00000000  0.00000000
      4.4411380  0.00000000  0.00000000  0.01229100  0.00000000  0.00000000
      1.5956390  0.00000000  0.00000000  0.46320700  0.00000000  0.00000000
      0.5955600  0.00000000  0.00000000  0.59838300  0.00000000  0.00000000
      0.6738810  0.00000000  0.00000000  0.00000000 -0.00092000  0.00000000
      0.0772410  0.00000000  0.00000000  0.00000000  1.00026400  0.00000000
      0.0286960  0.00000000  0.00000000  0.00000000  0.00000000  1.00000000
$ D-TYPE FUNCTIONS
    6    3    0
     68.7837500  0.12969300  0.00000000  0.00000000
     18.8038900  0.49661900  0.00000000  0.00000000
      5.7052280  0.57954700  0.00000000  0.00000000
      2.5991640  0.00000000  0.30921900  0.00000000
      0.8622760  0.00000000  0.78290600  0.00000000
      0.2706070  0.00000000  0.00000000  1.00000000
A 44
$ RUTHENIUM    (15s,12p,6d) -> [6s,5p,3d]                        
$ S-TYPE FUNCTIONS
   15    6    0
   9786.1610000  0.06160500  0.00000000  0.00000000  0.00000000  0.00000000  0.00000000
   1481.4770000  0.36898200  0.00000000  0.00000000  0.00000000  0.00000000  0.00000000
    325.4122000  0.68884500  0.00000000  0.00000000  0.00000000  0.00000000  0.00000000
    439.8665000  0.00000000 -0.11239100  0.00000000  0.00000000  0.00000000  0.00000000
     95.7627300  0.00000000  0.08469400  0.00000000  0.00000000  0.00000000  0.00000000
     30.6056600  0.00000000  0.96863800  0.00000000  0.00000000  0.00000000  0.00000000
     27.2773700  0.00000000  0.00000000 -1.39555300  0.00000000  0.00000000  0.00000000
     24.5108200  0.00000000  0.00000000  1.21085200  0.00000000  0.00000000  0.00000000
      5.0089460  0.00000000  0.00000000  1.05404500  0.00000000  0.00000000  0.00000000
      4.7658120  0.00000000  0.00000000  0.00000000 -0.41036300  0.00000000  0.00000000
      1.7345310  0.00000000  0.00000000  0.00000000  0.44800300  0.00000000  0.00000000
      0.6466360  0.00000000  0.00000000  0.00000000  0.81980800  0.00000000  0.00000000
      0.7406620  0.00000000  0.00000000  0.00000000  0.00000000 -0.26396600  0.00000000
      0.0821710  0.00000000  0.00000000  0.00000000  0.00000000  1.09485700  0.00000000
      0.0300970  0.00000000  0.00000000  0.00000000  0.00000000  0.00000000  1.00000000
$ P-TYPE FUNCTIONS
   12    5    0
    439.8665000  0.15037900  0.00000000  0.00000000  0.00000000  0.00000000
     95.7627300  0.60192900  0.00000000  0.00000000  0.00000000  0.00000000
     30.6056600  0.40846400  0.00000000  0.00000000  0.00000000  0.00000000
     27.2773700  0.00000000 -1.66861800  0.00000000  0.00000000  0.00000000
     24.5108200  0.00000000  2.00279000  0.00000000  0.00000000  0.00000000
      5.0089460  0.00000000  0.72514400  0.00000000  0.00000000  0.00000000
      4.7658120  0.00000000  0.00000000  0.01127400  0.00000000  0.00000000
      1.7345310  0.00000000  0.00000000  0.47270300  0.00000000  0.00000000
      0.6466360  0.00000000  0.00000000  0.58984300  0.00000000  0.00000000
      0.7406620  0.00000000  0.00000000  0.00000000 -0.00076200  0.00000000
      0.0821710  0.00000000  0.00000000  0.00000000  1.00021200  0.00000000
      0.0300970  0.00000000  0.00000000  0.00000000  0.00000000  1.00000000
$ D-TYPE FUNCTIONS
    6    3    0
     73.9833000  0.12776000  0.00000000  0.00000000
     20.2814900  0.49514700  0.00000000  0.00000000
      6.1942980  0.58065500  0.00000000  0.00000000
      2.8891080  0.00000000  0.31599400  0.00000000
      0.9539610  0.00000000  0.77806600  0.00000000
      0.2958810  0.00000000  0.00000000  1.00000000
A 45
$ RHODIUM      (15s,12p,6d) -> [6s,5p,3d]                        
$ S-TYPE FUNCTIONS
   15    6    0
  10217.7100000  0.06173200  0.00000000  0.00000000  0.00000000  0.00000000  0.00000000
   1548.4120000  0.36915300  0.00000000  0.00000000  0.00000000  0.00000000  0.00000000
    340.4990000  0.68851400  0.00000000  0.00000000  0.00000000  0.00000000  0.00000000
    460.7593000  0.00000000 -0.11244600  0.00000000  0.00000000  0.00000000  0.00000000
    100.3289000  0.00000000  0.08438100  0.00000000  0.00000000  0.00000000  0.00000000
     32.1397100  0.00000000  0.96890200  0.00000000  0.00000000  0.00000000  0.00000000
     28.7932900  0.00000000  0.00000000 -1.40409100  0.00000000  0.00000000  0.00000000
     25.9176800  0.00000000  0.00000000  1.21616900  0.00000000  0.00000000  0.00000000
      5.3206400  0.00000000  0.00000000  1.05655500  0.00000000  0.00000000  0.00000000
      5.1097480  0.00000000  0.00000000  0.00000000 -0.41264700  0.00000000  0.00000000
      1.8754140  0.00000000  0.00000000  0.00000000  0.45188500  0.00000000  0.00000000
      0.6995580  0.00000000  0.00000000  0.00000000  0.81889900  0.00000000  0.00000000
      0.8005710  0.00000000  0.00000000  0.00000000  0.00000000 -0.25534800  0.00000000
      0.0873210  0.00000000  0.00000000  0.00000000  0.00000000  1.09130800  0.00000000
      0.0314070  0.00000000  0.00000000  0.00000000  0.00000000  0.00000000  1.00000000
$ P-TYPE FUNCTIONS
   12    5    0
    460.7593000  0.15085800  0.00000000  0.00000000  0.00000000  0.00000000
    100.3289000  0.60351400  0.00000000  0.00000000  0.00000000  0.00000000
     32.1397100  0.40602500  0.00000000  0.00000000  0.00000000  0.00000000
     28.7932900  0.00000000 -1.71221800  0.00000000  0.00000000  0.00000000
     25.9176800  0.00000000  2.04760300  0.00000000  0.00000000  0.00000000
      5.3206400  0.00000000  0.72298300  0.00000000  0.00000000  0.00000000
      5.1097480  0.00000000  0.00000000  0.00937400  0.00000000  0.00000000
      1.8754140  0.00000000  0.00000000  0.48155400  0.00000000  0.00000000
      0.6995580  0.00000000  0.00000000  0.58223100  0.00000000  0.00000000
      0.8005710  0.00000000  0.00000000  0.00000000 -0.00077600  0.00000000
      0.0873210  0.00000000  0.00000000  0.00000000  1.00021200  0.00000000
      0.0314070  0.00000000  0.00000000  0.00000000  0.00000000  1.00000000
$ D-TYPE FUNCTIONS
    6    3    0
     79.2559700  0.12619000  0.00000000  0.00000000
     21.7894500  0.49395400  0.00000000  0.00000000
      6.6975180  0.58133000  0.00000000  0.00000000
      3.1909080  0.00000000  0.32104000  0.00000000
      1.0545750  0.00000000  0.77385200  0.00000000
      0.3260790  0.00000000  0.00000000  1.00000000
A 46
$ PALLADIUM    (15s,12p,6d) -> [6s,5p,3d]                        
$ S-TYPE FUNCTIONS
   15    6    0
  10728.7400000  0.06142900  0.00000000  0.00000000  0.00000000  0.00000000  0.00000000
   1624.0740000  0.36832800  0.00000000  0.00000000  0.00000000  0.00000000  0.00000000
    356.7937000  0.68950300  0.00000000  0.00000000  0.00000000  0.00000000  0.00000000
    482.4783000  0.00000000 -0.11267900  0.00000000  0.00000000  0.00000000  0.00000000
    105.0590000  0.00000000  0.08461200  0.00000000  0.00000000  0.00000000  0.00000000
     33.6814500  0.00000000  0.96878700  0.00000000  0.00000000  0.00000000  0.00000000
     30.1865400  0.00000000  0.00000000 -1.41854700  0.00000000  0.00000000  0.00000000
     27.1664200  0.00000000  0.00000000  1.22944400  0.00000000  0.00000000  0.00000000
      5.6359340  0.00000000  0.00000000  1.05708300  0.00000000  0.00000000  0.00000000
      5.4753740  0.00000000  0.00000000  0.00000000 -0.41726100  0.00000000  0.00000000
      1.9976040  0.00000000  0.00000000  0.00000000  0.47058800  0.00000000  0.00000000
      0.7439300  0.00000000  0.00000000  0.00000000  0.80463600  0.00000000  0.00000000
      0.8901630  0.00000000  0.00000000  0.00000000  0.00000000 -0.27843200  0.00000000
      0.0928210  0.00000000  0.00000000  0.00000000  0.00000000  1.09302800  0.00000000
      0.0337740  0.00000000  0.00000000  0.00000000  0.00000000  0.00000000  1.00000000
$ P-TYPE FUNCTIONS
   12    5    0
    482.4783000  0.15107900  0.00000000  0.00000000  0.00000000  0.00000000
    105.0590000  0.60509200  0.00000000  0.00000000  0.00000000  0.00000000
     33.6814500  0.40398000  0.00000000  0.00000000  0.00000000  0.00000000
     30.1865400  0.00000000 -1.70981700  0.00000000  0.00000000  0.00000000
     27.1664200  0.00000000  2.04930800  0.00000000  0.00000000  0.00000000
      5.6359340  0.00000000  0.71863000  0.00000000  0.00000000  0.00000000
      5.4753740  0.00000000  0.00000000  0.01158400  0.00000000  0.00000000
      1.9976040  0.00000000  0.00000000  0.49745500  0.00000000  0.00000000
      0.7439300  0.00000000  0.00000000  0.56552700  0.00000000  0.00000000
      0.8901630  0.00000000  0.00000000  0.00000000 -0.00127200  0.00000000
      0.0928210  0.00000000  0.00000000  0.00000000  1.00033200  0.00000000
      0.0337740  0.00000000  0.00000000  0.00000000  0.00000000  1.00000000
$ D-TYPE FUNCTIONS
    6    3    0
     84.2369100  0.12564300  0.00000000  0.00000000
     23.2491900  0.49372000  0.00000000  0.00000000
      7.1967600  0.58034300  0.00000000  0.00000000
      3.4730770  0.00000000  0.32815400  0.00000000
      1.1480500  0.00000000  0.76802700  0.00000000
      0.3548110  0.00000000  0.00000000  1.00000000
A 47
$ SILVER       (15s,12p,6d) -> [6s,5p,3d]                        
$ S-TYPE FUNCTIONS
   15    6    0
  11190.7800000  0.06149500  0.00000000  0.00000000  0.00000000  0.00000000  0.00000000
   1695.0770000  0.36840500  0.00000000  0.00000000  0.00000000  0.00000000  0.00000000
    372.6752000  0.68932500  0.00000000  0.00000000  0.00000000  0.00000000  0.00000000
    504.6162000  0.00000000 -0.11265800  0.00000000  0.00000000  0.00000000  0.00000000
    109.8718000  0.00000000  0.08402800  0.00000000  0.00000000  0.00000000  0.00000000
     35.2951300  0.00000000  0.96923400  0.00000000  0.00000000  0.00000000  0.00000000
     31.5687700  0.00000000  0.00000000 -1.42202800  0.00000000  0.00000000  0.00000000
     28.3439700  0.00000000  0.00000000  1.23409800  0.00000000  0.00000000  0.00000000
      5.9451270  0.00000000  0.00000000  1.05568300  0.00000000  0.00000000  0.00000000
      5.8002560  0.00000000  0.00000000  0.00000000 -0.41961700  0.00000000  0.00000000
      2.1272560  0.00000000  0.00000000  0.00000000  0.48435000  0.00000000  0.00000000
      0.7935510  0.00000000  0.00000000  0.00000000  0.79520300  0.00000000  0.00000000
      0.9285440  0.00000000  0.00000000  0.00000000  0.00000000 -0.25230000  0.00000000
      0.0972550  0.00000000  0.00000000  0.00000000  0.00000000  1.08739200  0.00000000
      0.0349330  0.00000000  0.00000000  0.00000000  0.00000000  0.00000000  1.00000000
$ P-TYPE FUNCTIONS
   12    5    0
    504.6162000  0.15148000  0.00000000  0.00000000  0.00000000  0.00000000
    109.8718000  0.60651400  0.00000000  0.00000000  0.00000000  0.00000000
     35.2951300  0.40183000  0.00000000  0.00000000  0.00000000  0.00000000
     31.5687700  0.00000000 -1.67336600  0.00000000  0.00000000  0.00000000
     28.3439700  0.00000000  2.01897600  0.00000000  0.00000000  0.00000000
      5.9451270  0.00000000  0.71268900  0.00000000  0.00000000  0.00000000
      5.8002560  0.00000000  0.00000000  0.01430400  0.00000000  0.00000000
      2.1272560  0.00000000  0.00000000  0.50719400  0.00000000  0.00000000
      0.7935510  0.00000000  0.00000000  0.55397400  0.00000000  0.00000000
      0.9285440  0.00000000  0.00000000  0.00000000 -0.00148100  0.00000000
      0.0972550  0.00000000  0.00000000  0.00000000  1.00038800  0.00000000
      0.0349330  0.00000000  0.00000000  0.00000000  0.00000000  1.00000000
$ D-TYPE FUNCTIONS
    6    3    0
     89.9333500  0.12401600  0.00000000  0.00000000
     24.8749600  0.49238300  0.00000000  0.00000000
      7.7381910  0.58149700  0.00000000  0.00000000
      3.7965570  0.00000000  0.33142600  0.00000000
      1.2566440  0.00000000  0.76516300  0.00000000
      0.3881330  0.00000000  0.00000000  1.00000000
A 48
$ CADMIUM      (15s,12p,6d) -> [6s,5p,3d]                        
$ S-TYPE FUNCTIONS
   15    6    0
  11686.0900000  0.06142700  0.00000000  0.00000000  0.00000000  0.00000000  0.00000000
   1770.1110000  0.36815700  0.00000000  0.00000000  0.00000000  0.00000000  0.00000000
    389.2090000  0.68957200  0.00000000  0.00000000  0.00000000  0.00000000  0.00000000
    527.6004000  0.00000000 -0.11259200  0.00000000  0.00000000  0.00000000  0.00000000
    114.8329000  0.00000000  0.08327000  0.00000000  0.00000000  0.00000000  0.00000000
     36.9582900  0.00000000  0.96979800  0.00000000  0.00000000  0.00000000  0.00000000
     33.0154800  0.00000000  0.00000000 -1.40647100  0.00000000  0.00000000  0.00000000
     29.5454300  0.00000000  0.00000000  1.21815600  0.00000000  0.00000000  0.00000000
      6.2785080  0.00000000  0.00000000  1.05552000  0.00000000  0.00000000  0.00000000
      6.1505960  0.00000000  0.00000000  0.00000000 -0.42292100  0.00000000  0.00000000
      2.2597460  0.00000000  0.00000000  0.00000000  0.49877100  0.00000000  0.00000000
      0.8414260  0.00000000  0.00000000  0.00000000  0.78507600  0.00000000  0.00000000
      0.9490690  0.00000000  0.00000000  0.00000000  0.00000000 -0.22155500  0.00000000
      0.1014880  0.00000000  0.00000000  0.00000000  0.00000000  1.08094400  0.00000000
      0.0359870  0.00000000  0.00000000  0.00000000  0.00000000  0.00000000  1.00000000
$ P-TYPE FUNCTIONS
   12    5    0
    527.6004000  0.15180500  0.00000000  0.00000000  0.00000000  0.00000000
    114.8329000  0.60776000  0.00000000  0.00000000  0.00000000  0.00000000
     36.9582900  0.39996300  0.00000000  0.00000000  0.00000000  0.00000000
     33.0154800  0.00000000 -1.60902400  0.00000000  0.00000000  0.00000000
     29.5454300  0.00000000  1.95956800  0.00000000  0.00000000  0.00000000
      6.2785080  0.00000000  0.70802700  0.00000000  0.00000000  0.00000000
      6.1505960  0.00000000  0.00000000  0.01448200  0.00000000  0.00000000
      2.2597460  0.00000000  0.00000000  0.51866100  0.00000000  0.00000000
      0.8414260  0.00000000  0.00000000  0.54266600  0.00000000  0.00000000
      0.9490690  0.00000000  0.00000000  0.00000000 -0.00154000  0.00000000
      0.1014880  0.00000000  0.00000000  0.00000000  1.00041200  0.00000000
      0.0359870  0.00000000  0.00000000  0.00000000  0.00000000  1.00000000
$ D-TYPE FUNCTIONS
    6    3    0
     95.4727400  0.12308300  0.00000000  0.00000000
     26.4819600  0.49167700  0.00000000  0.00000000
      8.2828860  0.58154100  0.00000000  0.00000000
      4.0821410  0.00000000  0.33794100  0.00000000
      1.3572790  0.00000000  0.75916800  0.00000000
      0.4208310  0.00000000  0.00000000  1.00000000
A 49
$ INDIUM       (15s,12p,6d) -> [6s,5p,3d]                        
$ S-TYPE FUNCTIONS
   15    6    0
  12214.5470000  0.06124800  0.00000000  0.00000000  0.00000000  0.00000000  0.00000000
   1848.9136000  0.36767500  0.00000000  0.00000000  0.00000000  0.00000000  0.00000000
    406.3683300  0.69013600  0.00000000  0.00000000  0.00000000  0.00000000  0.00000000
    550.4423000  0.00000000 -0.11270900  0.00000000  0.00000000  0.00000000  0.00000000
    119.7744000  0.00000000  0.08344400  0.00000000  0.00000000  0.00000000  0.00000000
     38.6692700  0.00000000  0.96968800  0.00000000  0.00000000  0.00000000  0.00000000
     47.0293100  0.00000000  0.00000000 -0.27589500  0.00000000  0.00000000  0.00000000
     22.4964200  0.00000000  0.00000000  0.05977300  0.00000000  0.00000000  0.00000000
      6.6971170  0.00000000  0.00000000  1.08214800  0.00000000  0.00000000  0.00000000
      6.5723600  0.00000000  0.00000000  0.00000000 -0.42848300  0.00000000  0.00000000
      2.5021580  0.00000000  0.00000000  0.00000000  0.46336400  0.00000000  0.00000000
      0.9420250  0.00000000  0.00000000  0.00000000  0.82196800  0.00000000  0.00000000
      1.0012210  0.00000000  0.00000000  0.00000000  0.00000000 -0.43641700  0.00000000
      0.1659700  0.00000000  0.00000000  0.00000000  0.00000000  1.18989300  0.00000000
      0.0543400  0.00000000  0.00000000  0.00000000  0.00000000  0.00000000  1.00000000
$ P-TYPE FUNCTIONS
   12    5    0
    550.4423000  0.15237000  0.00000000  0.00000000  0.00000000  0.00000000
    119.7744000  0.60965100  0.00000000  0.00000000  0.00000000  0.00000000
     38.6692700  0.39702500  0.00000000  0.00000000  0.00000000  0.00000000
     47.0293100  0.00000000 -0.14084800  0.00000000  0.00000000  0.00000000
     22.4964200  0.00000000  0.52908700  0.00000000  0.00000000  0.00000000
      6.6971170  0.00000000  0.66206800  0.00000000  0.00000000  0.00000000
      6.5723600  0.00000000  0.00000000  0.01091300  0.00000000  0.00000000
      2.5021580  0.00000000  0.00000000  0.50367600  0.00000000  0.00000000
      0.9420250  0.00000000  0.00000000  0.55818100  0.00000000  0.00000000
      1.0012210  0.00000000  0.00000000  0.00000000  0.02316300  0.00000000
      0.1659700  0.00000000  0.00000000  0.00000000  0.99033100  0.00000000
      0.0543400  0.00000000  0.00000000  0.00000000  0.00000000  1.00000000
$ D-TYPE FUNCTIONS
    6    2    0
    102.1735600  0.12055600  0.00000000
     28.3946320  0.48849800  0.00000000
      8.9248050  0.58501900  0.00000000
      4.5353640  0.00000000  0.25085700
      1.5371480  0.00000000  0.56931100
      0.4994920  0.00000000  0.38406400
A 50
$ TIN          (15s,12p,6d) -> [6s,5p,3d]                        
$ S-TYPE FUNCTIONS
   15    6    0
  12741.6740000  0.06113500  0.00000000  0.00000000  0.00000000  0.00000000  0.00000000
   1928.4692000  0.36729300  0.00000000  0.00000000  0.00000000  0.00000000  0.00000000
    423.8079700  0.69054500  0.00000000  0.00000000  0.00000000  0.00000000  0.00000000
    574.2875000  0.00000000 -0.11274600  0.00000000  0.00000000  0.00000000  0.00000000
    124.9537000  0.00000000  0.08286300  0.00000000  0.00000000  0.00000000  0.00000000
     40.3957600  0.00000000  0.97015100  0.00000000  0.00000000  0.00000000  0.00000000
     48.8066200  0.00000000  0.00000000 -0.28245300  0.00000000  0.00000000  0.00000000
     23.8358800  0.00000000  0.00000000  0.06605600  0.00000000  0.00000000  0.00000000
      7.0482960  0.00000000  0.00000000  1.08198700  0.00000000  0.00000000  0.00000000
      6.9733780  0.00000000  0.00000000  0.00000000 -0.43403600  0.00000000  0.00000000
      2.6930400  0.00000000  0.00000000  0.00000000  0.46102900  0.00000000  0.00000000
      1.0259580  0.00000000  0.00000000  0.00000000  0.82855800  0.00000000  0.00000000
      1.1314630  0.00000000  0.00000000  0.00000000  0.00000000 -0.52520800  0.00000000
      0.2034090  0.00000000  0.00000000  0.00000000  0.00000000  1.22922600  0.00000000
      0.0705640  0.00000000  0.00000000  0.00000000  0.00000000  0.00000000  1.00000000
$ P-TYPE FUNCTIONS
   12    5    0
    574.2875000  0.15258000  0.00000000  0.00000000  0.00000000  0.00000000
    124.9537000  0.61101100  0.00000000  0.00000000  0.00000000  0.00000000
     40.3957600  0.39515500  0.00000000  0.00000000  0.00000000  0.00000000
     48.8066200  0.00000000 -0.15096300  0.00000000  0.00000000  0.00000000
     23.8358800  0.00000000  0.53996800  0.00000000  0.00000000  0.00000000
      7.0482960  0.00000000  0.66048200  0.00000000  0.00000000  0.00000000
      6.9733780  0.00000000  0.00000000  0.01195100  0.00000000  0.00000000
      2.6930400  0.00000000  0.00000000  0.50671900  0.00000000  0.00000000
      1.0259580  0.00000000  0.00000000  0.55291100  0.00000000  0.00000000
      1.1314630  0.00000000  0.00000000  0.00000000  0.02107100  0.00000000
      0.2034090  0.00000000  0.00000000  0.00000000  0.99059100  0.00000000
      0.0705640  0.00000000  0.00000000  0.00000000  0.00000000  1.00000000
$ D-TYPE FUNCTIONS
    6    2    0
    108.0563000  0.11982400  0.00000000
     30.1315760  0.48759100  0.00000000
      9.5300360  0.58498700  0.00000000
      4.9626100  0.00000000  0.25294900
      1.7120830  0.00000000  0.57276100
      0.5771950  0.00000000  0.36903900
A 51
$ ANTIMONY     (15s,12p,6d) -> [6s,5p,3d]                        
$ S-TYPE FUNCTIONS
   15    6    0
  13289.3830000  0.06098400  0.00000000  0.00000000  0.00000000  0.00000000  0.00000000
   2010.5218000  0.36684900  0.00000000  0.00000000  0.00000000  0.00000000  0.00000000
    441.6981500  0.69105000  0.00000000  0.00000000  0.00000000  0.00000000  0.00000000
    598.8890000  0.00000000 -0.11272000  0.00000000  0.00000000  0.00000000  0.00000000
    130.0385000  0.00000000  0.08264400  0.00000000  0.00000000  0.00000000  0.00000000
     42.1328600  0.00000000  0.97025800  0.00000000  0.00000000  0.00000000  0.00000000
     51.5133300  0.00000000  0.00000000 -0.27704300  0.00000000  0.00000000  0.00000000
     24.4359500  0.00000000  0.00000000  0.05750300  0.00000000  0.00000000  0.00000000
      7.4209310  0.00000000  0.00000000  1.08470300  0.00000000  0.00000000  0.00000000
      7.3142350  0.00000000  0.00000000  0.00000000 -0.44038100  0.00000000  0.00000000
      2.8440530  0.00000000  0.00000000  0.00000000  0.47373400  0.00000000  0.00000000
      1.1058550  0.00000000  0.00000000  0.00000000  0.82213500  0.00000000  0.00000000
      1.2786370  0.00000000  0.00000000  0.00000000  0.00000000 -0.60169500  0.00000000
      0.2412320  0.00000000  0.00000000  0.00000000  0.00000000  1.25869200  0.00000000
      0.0866300  0.00000000  0.00000000  0.00000000  0.00000000  0.00000000  1.00000000
$ P-TYPE FUNCTIONS
   12    5    0
    598.8890000  0.15306700  0.00000000  0.00000000  0.00000000  0.00000000
    130.0385000  0.61359700  0.00000000  0.00000000  0.00000000  0.00000000
     42.1328600  0.39169900  0.00000000  0.00000000  0.00000000  0.00000000
     51.5133300  0.00000000 -0.13787000  0.00000000  0.00000000  0.00000000
     24.4359500  0.00000000  0.53635500  0.00000000  0.00000000  0.00000000
      7.4209310  0.00000000  0.65086800  0.00000000  0.00000000  0.00000000
      7.3142350  0.00000000  0.00000000  0.01530500  0.00000000  0.00000000
      2.8440530  0.00000000  0.00000000  0.51608300  0.00000000  0.00000000
      1.1058550  0.00000000  0.00000000  0.53875700  0.00000000  0.00000000
      1.2786370  0.00000000  0.00000000  0.00000000  0.02225300  0.00000000
      0.2412320  0.00000000  0.00000000  0.00000000  0.98964300  0.00000000
      0.0866300  0.00000000  0.00000000  0.00000000  0.00000000  1.00000000
$ D-TYPE FUNCTIONS
    6    2    0
    115.8095500  0.11662800  0.00000000
     32.3058350  0.48343600  0.00000000
     10.2503280  0.59014000  0.00000000
      5.4862100  0.00000000  0.24836600
      1.9216200  0.00000000  0.57431500
      0.6660630  0.00000000  0.36430400
A 52
$ TELLERIUM    (15s,12p,6d) -> [6s,5p,3d]                        
$ S-TYPE FUNCTIONS
   15    6    0
  13796.5600000  0.06108600  0.00000000  0.00000000  0.00000000  0.00000000  0.00000000
   2088.8798000  0.36696300  0.00000000  0.00000000  0.00000000  0.00000000  0.00000000
    459.3931900  0.69079400  0.00000000  0.00000000  0.00000000  0.00000000  0.00000000
    623.2631000  0.00000000 -0.11282000  0.00000000  0.00000000  0.00000000  0.00000000
    135.3600000  0.00000000  0.08225200  0.00000000  0.00000000  0.00000000  0.00000000
     44.0004800  0.00000000  0.97060100  0.00000000  0.00000000  0.00000000  0.00000000
     54.1907800  0.00000000  0.00000000 -0.27441200  0.00000000  0.00000000  0.00000000
     25.8203900  0.00000000  0.00000000  0.05183000  0.00000000  0.00000000  0.00000000
      7.8095830  0.00000000  0.00000000  1.08762200  0.00000000  0.00000000  0.00000000
      7.7642170  0.00000000  0.00000000  0.00000000 -0.44673100  0.00000000  0.00000000
      3.0439320  0.00000000  0.00000000  0.00000000  0.46947000  0.00000000  0.00000000
      1.1992530  0.00000000  0.00000000  0.00000000  0.82981100  0.00000000  0.00000000
      1.3403640  0.00000000  0.00000000  0.00000000  0.00000000 -0.59047000  0.00000000
      0.2780880  0.00000000  0.00000000  0.00000000  0.00000000  1.28196800  0.00000000
      0.0967260  0.00000000  0.00000000  0.00000000  0.00000000  0.00000000  1.00000000
$ P-TYPE FUNCTIONS
   12    5    0
    623.2631000  0.15341900  0.00000000  0.00000000  0.00000000  0.00000000
    135.3600000  0.61490000  0.00000000  0.00000000  0.00000000  0.00000000
     44.0004800  0.38951600  0.00000000  0.00000000  0.00000000  0.00000000
     54.1907800  0.00000000 -0.14333100  0.00000000  0.00000000  0.00000000
     25.8203900  0.00000000  0.53918800  0.00000000  0.00000000  0.00000000
      7.8095830  0.00000000  0.65228500  0.00000000  0.00000000  0.00000000
      7.7642170  0.00000000  0.00000000  0.01274600  0.00000000  0.00000000
      3.0439320  0.00000000  0.00000000  0.52212300  0.00000000  0.00000000
      1.1992530  0.00000000  0.00000000  0.53266100  0.00000000  0.00000000
      1.3403640  0.00000000  0.00000000  0.00000000  0.02558800  0.00000000
      0.2780880  0.00000000  0.00000000  0.00000000  0.98710200  0.00000000
      0.0967260  0.00000000  0.00000000  0.00000000  0.00000000  1.00000000
$ D-TYPE FUNCTIONS
    6    2    0
    121.4083000  0.11691400  0.00000000
     34.0152170  0.48355600  0.00000000
     10.8691380  0.58838600  0.00000000
      5.8031110  0.00000000  0.26019400
      2.0580660  0.00000000  0.57977600
      0.7328300  0.00000000  0.34055800
A 53
$ IODINE       (15s,12p,6d) -> [6s,5p,3d]                        
$ S-TYPE FUNCTIONS
   15    6    0
  14351.1860000  0.06100300  0.00000000  0.00000000  0.00000000  0.00000000  0.00000000
   2173.0741000  0.36664000  0.00000000  0.00000000  0.00000000  0.00000000  0.00000000
    477.8720500  0.69113100  0.00000000  0.00000000  0.00000000  0.00000000  0.00000000
    648.1887000  0.00000000 -0.11285100  0.00000000  0.00000000  0.00000000  0.00000000
    140.3064000  0.00000000  0.08322800  0.00000000  0.00000000  0.00000000  0.00000000
     45.6988000  0.00000000  0.96975200  0.00000000  0.00000000  0.00000000  0.00000000
     56.6946900  0.00000000  0.00000000 -0.27369700  0.00000000  0.00000000  0.00000000
     27.4887500  0.00000000  0.00000000  0.04650000  0.00000000  0.00000000  0.00000000
      8.2090960  0.00000000  0.00000000  1.09157600  0.00000000  0.00000000  0.00000000
      8.1916790  0.00000000  0.00000000  0.00000000 -0.45082800  0.00000000  0.00000000
      3.2445960  0.00000000  0.00000000  0.00000000  0.46320900  0.00000000  0.00000000
      1.3004890  0.00000000  0.00000000  0.00000000  0.83863600  0.00000000  0.00000000
      1.4513800  0.00000000  0.00000000  0.00000000  0.00000000 -0.66585200  0.00000000
      0.3281030  0.00000000  0.00000000  0.00000000  0.00000000  1.32858400  0.00000000
      0.1150760  0.00000000  0.00000000  0.00000000  0.00000000  0.00000000  1.00000000
$ P-TYPE FUNCTIONS
   12    5    0
    648.1887000  0.15411400  0.00000000  0.00000000  0.00000000  0.00000000
    140.3064000  0.61946200  0.00000000  0.00000000  0.00000000  0.00000000
     45.6988000  0.38375800  0.00000000  0.00000000  0.00000000  0.00000000
     56.6946900  0.00000000 -0.15232200  0.00000000  0.00000000  0.00000000
     27.4887500  0.00000000  0.54376900  0.00000000  0.00000000  0.00000000
      8.2090960  0.00000000  0.65616800  0.00000000  0.00000000  0.00000000
      8.1916790  0.00000000  0.00000000  0.01187000  0.00000000  0.00000000
      3.2445960  0.00000000  0.00000000  0.52652500  0.00000000  0.00000000
      1.3004890  0.00000000  0.00000000  0.52660800  0.00000000  0.00000000
      1.4513800  0.00000000  0.00000000  0.00000000  0.02754100  0.00000000
      0.3281030  0.00000000  0.00000000  0.00000000  0.98513700  0.00000000
      0.1150760  0.00000000  0.00000000  0.00000000  0.00000000  1.00000000
$ D-TYPE FUNCTIONS
    6    2    0
    128.0902600  0.11586400  0.00000000
     35.9823780  0.48204900  0.00000000
     11.5511160  0.58944500  0.00000000
      6.1461520  0.00000000  0.26818200
      2.2209370  0.00000000  0.58006100
      0.8099120  0.00000000  0.32622600
A 54
$ XENON        (15s,12p,6d) -> [6s,5p,3d]                        
$ S-TYPE FUNCTIONS
   15    6    0
  14902.2360000  0.06099700  0.00000000  0.00000000  0.00000000  0.00000000  0.00000000
   2256.5383000  0.36662900  0.00000000  0.00000000  0.00000000  0.00000000  0.00000000
    496.3731700  0.69111500  0.00000000  0.00000000  0.00000000  0.00000000  0.00000000
    673.6611000  0.00000000 -0.11291300  0.00000000  0.00000000  0.00000000  0.00000000
    145.8491000  0.00000000  0.08290500  0.00000000  0.00000000  0.00000000  0.00000000
     47.5770800  0.00000000  0.97002900  0.00000000  0.00000000  0.00000000  0.00000000
     59.1675200  0.00000000  0.00000000 -0.27397700  0.00000000  0.00000000  0.00000000
     28.6115900  0.00000000  0.00000000  0.04553000  0.00000000  0.00000000  0.00000000
      8.5965960  0.00000000  0.00000000  1.09252800  0.00000000  0.00000000  0.00000000
      8.6386760  0.00000000  0.00000000  0.00000000 -0.45584100  0.00000000  0.00000000
      3.4628180  0.00000000  0.00000000  0.00000000  0.46173600  0.00000000  0.00000000
      1.4010400  0.00000000  0.00000000  0.00000000  0.84428800  0.00000000  0.00000000
      1.5784740  0.00000000  0.00000000  0.00000000  0.00000000 -0.72777200  0.00000000
      0.3750810  0.00000000  0.00000000  0.00000000  0.00000000  1.36279700  0.00000000
      0.1331790  0.00000000  0.00000000  0.00000000  0.00000000  0.00000000  1.00000000
$ P-TYPE FUNCTIONS
   12    5    0
    673.6611000  0.15442700  0.00000000  0.00000000  0.00000000  0.00000000
    145.8491000  0.62061700  0.00000000  0.00000000  0.00000000  0.00000000
     47.5770800  0.38200400  0.00000000  0.00000000  0.00000000  0.00000000
     59.1675200  0.00000000 -0.15185700  0.00000000  0.00000000  0.00000000
     28.6115900  0.00000000  0.54715100  0.00000000  0.00000000  0.00000000
      8.5965960  0.00000000  0.65195400  0.00000000  0.00000000  0.00000000
      8.6386760  0.00000000  0.00000000  0.00958500  0.00000000  0.00000000
      3.4628180  0.00000000  0.00000000  0.52981900  0.00000000  0.00000000
      1.4010400  0.00000000  0.00000000  0.52359800  0.00000000  0.00000000
      1.5784740  0.00000000  0.00000000  0.00000000  0.02807200  0.00000000
      0.3750810  0.00000000  0.00000000  0.00000000  0.98426400  0.00000000
      0.1331790  0.00000000  0.00000000  0.00000000  0.00000000  1.00000000
$ D-TYPE FUNCTIONS
    6    2    0
    134.9133100  0.11501100  0.00000000
     37.9563870  0.48159500  0.00000000
     12.2274750  0.58961300  0.00000000
      6.6004930  0.00000000  0.27188400
      2.3980510  0.00000000  0.58555700
      0.8864820  0.00000000  0.31274600
A 55
$ CESIUM       (18s,12p,6d) -> [6s,5p,2d]                        
$ S-TYPE FUNCTIONS
   18    7    0
  15525.86600    0.0607240   0.          0.          0.          0.          0.    
      0.    
   2349.005500   0.3658420   0.          0.          0.          0.          0.    
      0.    
    516.2355500  0.6920470   0.          0.          0.          0.          0.    
      0.    
    687.5050500  0.         -0.1102130   0.          0.          0.          0.    
      0.    
     67.1911570  0.          0.7272030   0.          0.          0.          0.    
      0.    
     27.9920030  0.          0.3401430   0.          0.          0.          0.    
      0.    
     60.1681880  0.          0.         -0.2753150   0.          0.          0.    
      0.    
     10.8686940  0.          0.          0.8901280   0.          0.          0.    
      0.    
      4.7407050  0.          0.          0.26486300  0.          0.          0.    
      0.    
      9.8871630  0.          0.          0.         -0.3688270   0.          0.    
      0.    
      2.3693430  0.          0.          0.          0.8325820   0.          0.    
      0.    
      1.1416760  0.          0.          0.          0.3887890   0.          0.    
      0.    
      1.7690780  0.          0.          0.          0.          -0.3409420  0.    
      0.    
      0.3836200  0.          0.          0.          0.           0.7000970  0.    
      0.    
      0.1713060  0.          0.          0.          0.           0.4934520  0.    
      0.    
      0.2118490  0.          0.          0.          0.           0.        -0.2750220
      0.    
      0.0403240  0.          0.          0.          0.           0.         0.1936040
      0.    
      0.0170580  0.          0.          0.          0.           0.         0.    
      1.0000000    
$ P-TYPE FUNCTIONS
   12    6    0
   1024.283300   0.0791850   0.          0.          0.          0.          0.    
    239.648890   0.4199330   0.          0.          0.          0.          0.    
     71.255548   0.6432510   0.          0.          0.          0.          0.    
    139.458640   0.         -0.0331230   0.          0.          0.          0.    
     25.810810   0.          0.3891080   0.          0.          0.          0.    
     10.139452   0.          0.6790330   0.          0.          0.          0.    
      4.324244   0.          0.          0.3816690   0.          0.          0.    
      1.936415   0.          0.          0.5769760   0.          0.          0.    
      0.814505   0.          0.          0.1154050   0.          0.          0.    
      0.594584   0.          0.          0.          1.000000    0.          0.    
      0.274992   0.          0.          0.          0.          1.000000    0.    
      0.111553   0.          0.          0.          0.          0.          1.00
$ D-TYPE FUNCTIONS
    6    2    0
    144.0513900  0.1118300   0.    
     40.5051460  0.4768350   0.    
     13.0862440  0.5954170   0.    
      7.3715780  0.          0.2537250
      2.7248240  0.          0.5788860
      1.0266780  0.          0.3325980

Elements supported

H He Li Be B C N O F Ne Na Mg Al Si P S Cl Ar K Ca Sc Ti V Cr Mn Fe Co Ni Cu Zn Ga Ge As Se Br Kr Rb Sr Y Zr Nb Mo Tc Rh Rh Pd Ag Cd In Sn Sb Te I Xe Cs 

